"meanMov" "slideRate" "speechRate" "artRate" "f0Mean" "meanIntensity" "t"
-0.741514439254158 -0.516760119628204 -0.369361790672064 -0.591156139268826 1.32869322657095 0.834263138523694 -1.56408555915705
-0.975088424549296 -0.516896550309639 -0.536999517149551 -0.51552848818966 1.14051736858693 0.874320716626578 -1.21651099045549
-0.962946632694926 -0.516896550309639 -0.896223216744168 -0.345366273261532 1.26813738655804 0.811427104474484 -0.868936421753919
-0.611465125756222 -1.38725608252259 -0.393310037311705 -0.591156139268826 1.05562600408286 0.936514682435017 -0.521361853052351
-0.685844917659388 0.353462981903319 -0.369361790672064 -0.194110971103197 1.30152798992964 1.06694445507891 -0.173787284350784
-1.06677717867138 -0.226776706238656 -0.465154777230629 -0.402087011570908 1.11929452746091 0.804529324360921 0.173787284350784
-0.826752787278036 -1.38725608252259 -0.536999517149551 -0.0806694944844465 1.22738953159609 0.864732032368868 0.521361853052351
-0.771305053552968 -1.38725608252259 -1.06386094322166 -0.156297145563613 1.41584836079512 1.02709859069222 0.868936421753919
-0.68587247066213 1.22382251411626 -0.70463724362704 -0.0428556689448619 1.50017378286916 1.05469070424537 1.21651099045549
-0.371236082510215 0.0635477838544844 -1.11175743650094 -0.269738622182365 1.50017378286916 1.06093897559594 1.56408555915705
-0.0958941296945765 1.03887061462185 0.732257554751425 0.2785618481416 -0.569760654955039 1.43709457365304 -1.56408555915705
-0.102212547202026 0.0200446466607923 0.708309308111784 0.562165539688477 -0.30914416592755 1.48161280780251 -1.21651099045549
-0.195276661194968 -0.65892358264095 0.875947034589271 0.486537888609309 -0.412428659407499 1.46854562504663 -0.868936421753919
-0.562271176975722 -1.3378918119427 1.1872742409046 0.713420841846812 -0.362625725565113 1.56667916812037 -0.521361853052351
-0.796326569460728 -0.319439467990076 0.420930348436091 0.429817150299935 -0.338856143503973 1.45821892023267 -0.173787284350784
-0.284947007972652 -0.65892358264095 0.780154048030707 0.940303795084315 -0.259058260870149 1.5408149200356 0.173787284350784
-0.467600931380491 -0.65892358264095 0.875947034589271 0.599979365228062 -0.220291204413291 1.63488173793762 0.521361853052351
-0.97486466884836 0.699012875962552 1.09148125434604 0.656700103537438 -0.343100711729177 1.57088703663711 0.868936421753919
-1.11630162669306 0.0200446466607923 0.564619828273938 0.448724063069727 -0.357815214909882 1.5634782074492 1.21651099045549
-0.819699338425297 0.0202781616660667 1.1872742409046 0.524351714148894 -0.463646449324954 1.57763340421046 1.56408555915705
1.06465790258618 -1.36571416203847 0.109603142120757 0.127306545983265 -0.190862198051881 0.196010414617748 -1.56408555915705
1.32603102879137 -0.430886273304756 -0.0580345843567307 0.543258626918686 0.0239129541434128 -0.0259117240471419 -1.21651099045549
0.163454656616957 -1.36575351327137 -0.441206530590987 0.543258626918686 0.0779604562110029 0.0510083586782017 -0.868936421753919
1.77791406217239 -1.36575351327137 -0.0340863377170891 0.864676144005147 -0.047112820824991 -0.00809347744678336 -0.521361853052351
0.601754172414002 -0.119263859982552 0.109603142120757 0.543258626918686 0.0731499455557728 0.0387184762541748 -0.173787284350784
1.16242951140447 -1.36575351327137 0.205396128679322 0.675607016307229 0.216050409137621 0.103728270134534 0.173787284350784
0.731775613812153 -1.36575351327137 0.277240868598245 0.732327754616605 0.221992804652906 0.00879628897383158 0.521361853052351
1.1804563587794 -1.05413109994916 0.325137361877527 0.713420841846812 0.25651529288456 0.154732324627836 0.868936421753919
0.306047618673544 -0.430886273304756 0.63646456819286 0.637793190767645 0.326692154207924 0.244588233076667 1.21651099045549
0.320446123915146 -1.05405239748337 0.229344375318962 0.524351714148894 0.261891745969818 0.130678927167818 1.56408555915705
1.84928631556302 2.16544153313683 1.78598040689563 0.732327754616605 -0.845374618378249 1.2299551003497 -1.56408555915705
1.83888523377082 -0.0764097138847924 1.78598040689563 0.770141580156188 -0.656066875534176 1.35932809831756 -1.21651099045549
1.75795583401409 0.563976771198719 2.0015146266524 0.997024533393691 -0.680685371240356 1.40432214976111 -0.868936421753919
1.22328033257069 -1.35718268405182 1.73808391361635 0.959210707854106 -0.527880915133033 1.51337464709351 -0.521361853052351
1.30373825912987 0.884170013740482 1.30701547410281 0.883583056774939 -0.656632817964204 1.40554660538057 -0.173787284350784
1.08053981782364 -1.35718268405182 1.40280846066138 0.732327754616605 -0.576268992900352 1.34656429079374 0.173787284350784
1.97454560387276 -0.396602956426549 1.35491196738209 0.826862318465564 -0.720867283772282 1.27080058750736 0.521361853052351
1.69663092439041 1.52455649882399 1.1872742409046 0.562165539688477 -0.638522660203335 1.15712575777462 0.868936421753919
1.17225838067103 0.884170013740482 1.01963651442712 0.599979365228062 -0.600887488606532 1.16890176884673 1.21651099045549
1.30079223185971 0.884502379893363 1.64229092705779 0.883583056774939 -0.334328604063756 1.21462911737192 1.56408555915705
-1.02905585208181 0.621539122585809 -0.656740750347757 -0.250831709412573 0.0355147739589687 0.820329914617139 -1.56408555915705
0.0861189371988347 1.2779787330135 -0.153827570915295 0.770141580156188 0.405641123196708 0.986191328128372 -1.21651099045549
0.316132370740475 0.949605993057145 -0.345413544032423 0.165120371522848 0.206712359042174 0.924388142326519 -0.868936421753919
0.879179088454456 1.2779787330135 0.444878595075732 0.826862318465564 0.0256107814334942 0.974871839244994 -0.521361853052351
0.475171161427103 0.621233253100807 0.349085608517167 0.58107245245827 0.090977132101627 0.694368427980834 -0.173787284350784
0.551569753658107 1.60635147296984 -0.0580345843567307 0.807955405695773 0.00721765245761252 0.737511296051427 0.173787284350784
1.29422046148376 1.2779787330135 0.468826841715373 1.16718674832182 0.0872985063064508 1.08715334585311 0.521361853052351
0.359140806073967 1.93472421292617 -0.129879324275653 0.807955405695773 0.290471838686188 1.05526607202226 0.868936421753919
0.9361870413532 1.2779787330135 -1.66256710921268 -0.458807749880284 0.300375831211663 0.958124028790247 1.21651099045549
0.77448777542115 1.60678842937697 -1.0878091898613 0.562165539688477 0.486287919475573 0.893358505072382 1.56408555915705
-0.846863752577421 -0.0618959635683029 -0.129879324275653 -0.855852918045913 0.859809923293474 -0.0827530645394045 -1.56408555915705
-1.061141107765 -1.27357201404255 0.899895281228912 -0.402087011570908 0.844246506467729 0.14720735907763 -1.21651099045549
-1.13709977940719 -1.27357201404255 0.564619828273938 -0.553342313729243 0.99450422163993 0.202853789148573 -0.868936421753919
-1.20018469839306 -0.465964188940502 0.756205801391066 -0.194110971103197 0.877920081054342 0.127665507192428 -0.521361853052351
-1.25556069022581 -0.465964188940502 0.63646456819286 -0.458807749880284 0.964226301633478 0.111810554387252 -0.173787284350784
-1.360692924376 -0.0621602763894783 0.780154048030707 -0.402087011570908 0.820759895621603 0.182547888803172 0.173787284350784
-1.45028484406783 -0.0621602763894783 1.13937774762532 -0.0806694944844465 0.621265189037042 0.29228580581465 0.521361853052351
-1.35067237888964 -0.0621602763894783 0.947791774508194 -0.194110971103197 0.836606283662362 0.268115590183604 0.868936421753919
-1.49346025548915 -0.0621602763894783 0.971740021147836 0.0705858076738886 0.858395067218407 0.20368787257635 1.21651099045549
-1.46404105127666 0.341974027188012 1.0675330077064 -0.0239487561750704 0.677859432039754 0.195012036549673 1.56408555915705
-0.134566161615098 -1.45094936572092 1.33096372074245 0.165120371522848 1.35416063592217 0.024307681490611 -1.56408555915705
0.54505838740307 -1.45097013689429 1.16332599426496 0.259654935371808 1.68834964085318 0.151586027530628 -1.21651099045549
0.0258907073040225 -0.998158557495731 1.33096372074245 0.297468760911391 1.68693478477812 0.133328081807819 -0.868936421753919
0.771694491870715 -1.45097013689429 0.923843527868553 0.373096411990559 1.68184130290787 0.0127038650255687 -0.521361853052351
0.353135130687092 -1.45097013689429 0.708309308111784 0.202934197062432 1.73843554591058 0.0931824850017268 -0.173787284350784
0.654553049574967 -0.54534697809717 0.516723334994655 0.0705858076738886 2.06413541439119 0.271257294309722 0.173787284350784
0.487446885316468 -0.0925353986986091 1.09148125434604 0.410910237530142 2.14959272132529 0.302889813990891 0.521361853052351
0.629300618345849 0.13387039100067 1.23517073418389 0.354189499220767 1.9118969007139 0.317263669327901 0.868936421753919
1.05173452404886 -0.0925353986986091 0.875947034589271 0.184027284292641 1.89548457024311 0.267672237406744 1.21651099045549
0.24083796558782 0.360463121260248 0.109603142120757 -0.780225266966745 1.03496910538687 0.407910517226319 1.56408555915705
0.0691398379296344 -1.11111470977314 0.780154048030707 -0.647876877578203 -1.19852269471517 0.274154182903773 -1.56408555915705
0.69376809992761 -0.544983399173588 0.0617066488414753 -1.21508426067196 -1.37736050260374 0.177495697918965 -1.21651099045549
0.928395762390945 -0.544983399173588 -1.13570568314058 -2.16042989916155 -1.55365156955719 0.0963279260167061 -0.868936421753919
0.213796014566148 -0.544983399173588 -1.92599782224873 -2.78435802056468 -1.65269149481194 0.0848921924821752 -0.521361853052351
0.220589437468912 -0.828081531028584 -2.23732502856407 -3.03014788657198 -1.70221145743931 0.0718421953873341 -0.173787284350784
0.588587128035608 -0.544983399173588 -1.71046360249196 -2.61419580563656 -1.58874000021888 0.330000365471037 0.173787284350784
0.413778314779894 -1.11117966288358 -2.06968730208658 -2.89779949718344 -1.65665309182213 0.229756592267335 0.521361853052351
0.515754047441308 -1.11117966288358 -1.90204957560909 -2.76545110779489 -1.64986178266181 0.314157808187248 0.868936421753919
0.31083637041435 -1.11117966288358 -1.68651535585232 -2.59528889286677 -1.58789108657383 0.343635009776941 1.21651099045549
-0.0830647178057798 0.0214077238677242 -2.47680749496048 -3.2192170142699 -1.75258033371173 0.0899482943108125 1.56408555915705
1.40464183033703 -0.412844345442373 -0.201724064194577 -0.0806694944844465 -0.983464571304867 0.290369806642533 -1.56408555915705
1.10811445801749 -0.413006298769875 0.301189115237885 0.429817150299935 -0.804343792201283 0.413511924575161 -1.21651099045549
1.72309660820006 0.219178515141973 0.0617066488414753 0.0138650693645125 -0.662858184694502 0.407594966716384 -0.868936421753919
1.09565414571563 2.74791777078937 0.0617066488414753 0.127306545983265 -0.753408973498841 0.386519154898687 -0.521361853052351
0.864919308400757 1.16745573600974 -0.225672310834218 -0.156297145563613 -0.830660115197543 0.36450661149866 -0.173787284350784
0.839674316756117 1.79964054992159 -0.153827570915295 0.0516788949040971 -0.736147729383015 0.324138352792293 0.173787284350784
0.882881730585663 0.851363329053822 0.18144788203968 0.127306545983265 -0.671064349929895 0.422069944022695 0.521361853052351
1.28363875935169 1.16745573600974 -0.225672310834218 -0.250831709412573 -0.725394823212498 0.469441161894048 0.868936421753919
0.910935417185719 1.48354814296567 -0.0819828309963713 0.127306545983265 -0.869144200439388 0.296846034475624 1.21651099045549
0.590712489831334 1.80008592157223 -0.393310037311705 -0.269738622182365 -0.890932983995433 0.21463584585365 1.56408555915705
-0.716550197859132 -1.40062671000781 0.396982101796449 -0.250831709412573 0.421770482452481 0.482477555658938 -1.56408555915705
-0.564990441913744 -0.293784989542414 0.660412814832502 0.335282586450976 0.585044873515306 0.659905430348845 -1.21651099045549
-0.203801017525892 -0.847221364362877 0.492775088355014 -0.383180098801116 0.618435476886906 0.631585106373674 -0.868936421753919
-0.915962028996555 -0.570503176952646 0.61251632155322 -0.685690703117786 0.614473879876716 0.583001663024304 -0.521361853052351
-0.618700683311782 -1.40065773918334 0.61251632155322 0.486537888609309 0.603155031276174 0.644770410621721 -0.173787284350784
-1.5241167699541 -1.40065773918334 0.396982101796449 0.2785618481416 0.705024668681056 0.44345861981024 0.173787284350784
-1.05323464564783 -1.40065773918334 0.564619828273938 -0.72350452865737 0.828117147211955 0.643840491818906 0.521361853052351
-1.17138530760065 -1.40065773918334 0.18144788203968 -0.780225266966745 0.575423852204845 0.510547982780912 0.868936421753919
-0.746877608954377 -0.570503176952646 0.923843527868553 0.58107245245827 0.804347565150816 0.542197117165971 1.21651099045549
-1.43814848919195 -1.40062671000781 0.780154048030707 -0.647876877578203 0.581366247720129 0.265793479582894 1.56408555915705
1.18040089757408 1.14683839274612 1.73808391361635 0.864676144005147 -0.452044629509398 1.35302540586254 -1.56408555915705
0.844552648493897 -1.36361422896939 1.5943944337785 0.9781176206239 -0.510902642232219 1.2931103077481 -1.21651099045549
1.36986346869889 -0.422329136096825 1.69018742033707 1.18609366109161 -0.612206337207074 1.25376293129664 -0.868936421753919
0.794767541451889 1.14647935202411 1.16332599426496 1.12937292278223 -0.522787433262788 1.23463058437677 -0.521361853052351
0.680904011487235 0.832717654399924 1.40280846066138 1.22390748663119 -0.239816218249227 1.31723088362144 -0.173787284350784
1.30346127679555 -0.422329136096825 1.33096372074245 0.997024533393691 -0.528163886348046 1.26204866343636 0.173787284350784
0.823050796512604 -1.0498525313452 1.40280846066138 1.31844205048015 -0.546839986538941 1.20867974774522 0.521361853052351
1.20831888200955 1.14647935202411 1.5943944337785 0.997024533393691 -0.455723255304574 1.31123979484133 0.868936421753919
1.16729591715208 -0.736090833721011 1.4746532005803 1.11046601001244 -0.632014322258024 1.16811509179799 1.21651099045549
0.834953183608512 0.833036801708371 1.11542950098568 1.4318835270989 -0.523636346907829 1.13670638079096 1.56408555915705
0.163317047414974 0.147333261680935 -0.536999517149551 0.0138650693645125 -0.0807863954116048 -0.382806663705424 -1.56408555915705
0.173781168890095 -0.11350465390679 -0.72858549026668 0.146213458753056 -0.0844650212067817 -0.295073910867565 -1.21651099045549
0.980136833357227 0.147140558207677 -1.23149866969914 -0.118483320024029 -0.0906903879370801 -0.312671947205751 -0.868936421753919
0.310574297580424 0.407785770322142 -0.441206530590987 0.0894927204436801 -0.387244221271292 -0.25528943072956 -0.521361853052351
-0.854984739240402 -0.374149866021255 -0.345413544032423 0.146213458753056 -0.492509513256337 -0.352356366563525 -0.173787284350784
-0.988238885837332 -1.41673071447911 -0.0340863377170891 -0.231924796642781 -0.271226023115732 0.0425585752233206 0.173787284350784
-0.593215076441287 -0.11350465390679 -0.129879324275653 -0.402087011570908 -0.610791481132006 -0.0408961437644873 0.521361853052351
-0.68691724886846 0.147140558207677 -0.153827570915295 -0.364273186031325 -0.639654545063389 -0.0205687790263873 0.868936421753919
-0.905068577162274 0.407785770322142 0.205396128679322 -0.269738622182365 -0.693419075915966 -0.105414729859131 1.21651099045549
-0.826825109048322 -0.113339479501142 -0.0101380910774485 -0.345366273261532 -0.883858703620094 -0.0262408021184731 1.56408555915705
-1.56946603024505 0.920570929734693 -0.0340863377170891 1.12937292278223 -0.62380815702263 0.601182565296548 -1.56408555915705
-1.45037693511899 0.920267111835462 0.0138101555621931 1.12937292278223 -0.522787433262788 0.601286014174667 -1.21651099045549
-1.30655061064837 0.343013103295687 -0.321465297392782 1.62095265479682 -0.353853617899692 0.656061791604616 -0.868936421753919
-0.9116712397125 -0.234240905244107 -0.752533736906322 1.39406970155932 -0.454025428014493 0.753427638533795 -0.521361853052351
-1.2148965619003 -1.38874892232368 -0.393310037311705 1.84783560803433 -0.446102233994114 0.660580186213809 -0.173787284350784
-1.0665867289646 0.343013103295687 -0.345413544032423 1.84783560803433 -0.336875344998879 0.744000716910741 0.173787284350784
-1.12924126763779 1.78614812464514 -0.417258283951346 1.58313882925724 -0.527880915133033 0.460714703561969 0.521361853052351
-0.965434622219267 0.631640107565575 -0.489103023870269 1.79111486972495 -0.4959051678365 0.446352397621834 0.868936421753919
-1.23752103203114 0.920267111835462 -0.369361790672064 1.31844205048015 -0.431387730813408 0.405499291688325 1.21651099045549
-1.35348624720164 -0.522732879336564 -0.201724064194577 1.24281439940099 -0.537218965228481 0.454718458146749 1.56408555915705
-0.423425688409094 -0.856425872204442 0.373033855156809 0.0894927204436801 -0.384131537906143 0.00119098556916672 -1.56408555915705
0.245778620139453 -0.309277526642434 0.396982101796449 0.0705858076738886 -0.231044110583806 0.195473272100786 -1.21651099045549
-0.492712609805637 -1.40375624660334 0.63646456819286 0.0705858076738886 -0.166526673560714 0.154689919197627 -0.868936421753919
-0.492013666884631 -0.309277526642434 0.444878595075732 0.108399633213473 0.00778359488763993 0.250323455291112 -0.521361853052351
-0.601011168012891 -1.40375624660334 0.708309308111784 0.165120371522848 -0.234439765163969 0.184959751916663 -0.173787284350784
-0.697570236078618 -1.40375624660334 0.420930348436091 0.0516788949040971 -0.220008233198278 0.00664725592904015 0.173787284350784
-0.820640293160137 -0.309277526642434 0.660412814832502 0.2785618481416 -0.175298781226134 0.10490269061971 0.521361853052351
-0.901391374642569 0.511581513328255 0.851998787949631 0.316375673681183 -0.130306358038978 0.108573773129817 0.868936421753919
-0.934204825587703 -0.58289720663266 0.109603142120757 0.259654935371808 -0.178411464591284 -0.0786539492027364 1.21651099045549
-1.14854710326432 -1.13007589033415 0.205396128679322 0.354189499220767 -0.321311928173132 -0.168550916013933 1.56408555915705
0.292752207298749 -1.11993955990541 0.516723334994655 -0.00504184340527896 -0.807739446781445 0.652729351913212 -1.56408555915705
0.470262958798423 -0.283942371087782 0.660412814832502 0.259654935371808 -0.760200282659167 0.699479325973709 -1.21651099045549
0.33819400175334 0.83080447331685 0.516723334994655 0.297468760911391 -0.978371089434623 0.553845994686359 -0.868936421753919
0.0842514640241853 -0.00525565998662382 0.851998787949631 0.429817150299935 -0.935076493537548 0.63007112422916 -0.521361853052351
0.133621572400489 -0.283942371087782 0.468826841715373 0.108399633213473 -1.12466720759663 0.524710621782276 -0.173787284350784
0.54559890386487 -0.00525565998662382 0.301189115237885 -0.269738622182365 -1.13259040161701 0.594325026804912 0.173787284350784
0.771897313960317 0.273431051114534 0.444878595075732 -0.269738622182365 -1.24804265734255 0.562872458204988 0.521361853052351
0.29563256962454 -1.39868921549241 0.301189115237885 -0.855852918045913 -1.29133725323962 0.6607852975465 0.868936421753919
0.743180052073184 1.10949118441801 0.0856548954811158 -0.439900837110492 -1.23728975117203 0.467313693958482 1.21651099045549
0.423725989984075 -0.283785009873157 -0.0580345843567307 -1.30961882452092 -1.39773443008472 0.473544257572498 1.56408555915705
-0.092538248248037 -0.689761075248292 0.0138101555621931 0.146213458753056 -0.696814730496129 -0.0996390237983917 -1.56408555915705
0.22553928639951 -1.18366728216232 -0.177775817554936 0.259654935371808 -0.626920840387779 -0.0518540555003958 -1.21651099045549
0.12515604756761 -0.1962499932998 0.277240868598245 0.39200332476035 -0.607961768981871 -0.0247137515114357 -0.868936421753919
-0.181210506812724 -1.18366728216232 -0.848326723464886 0.259654935371808 -0.480624722225768 -0.413976719713814 -0.521361853052351
0.396892267167379 -0.1962499932998 0.0617066488414753 0.240748022602015 -0.871124998944483 -0.191777059260224 -0.173787284350784
0.23436307608077 0.791167295562715 0.301189115237885 0.259654935371808 -0.614753078142196 -0.11756663478248 0.173787284350784
0.057296484063534 0.297458651131457 0.253292621958604 0.562165539688477 -0.759351369014126 -0.287458557508921 0.521361853052351
0.176036742653 -0.689958637731058 0.349085608517167 0.108399633213473 -0.826415546972341 -0.153773610460034 0.868936421753919
-0.503602146918505 -0.1962499932998 0.588568074913578 0.58107245245827 -0.740675268823231 -0.291851470496817 1.21651099045549
0.0957796227387552 1.28546862744227 -0.0101380910774485 0.259654935371808 -0.873671739879605 -0.384252300195666 1.56408555915705
-1.10817060272025 0.452088709741075 -0.2735688041135 -0.231924796642781 0.229633027458272 -0.594946344142374 -1.56408555915705
-0.752666148186781 -0.612758429122698 0.444878595075732 0.335282586450976 0.175302554175668 -0.451561936926638 -1.21651099045549
-0.509792212403383 1.25032219145133 0.420930348436091 -0.0428556689448619 0.072301031910732 -0.346541321908998 -0.868936421753919
-0.660051073039349 2.58109406328993 0.63646456819286 0.316375673681183 0.392058504876056 -0.360867536833687 -0.521361853052351
-0.70095691574541 0.451859068348177 0.684361061472142 0.259654935371808 0.31848598897253 -0.372952991212901 -0.173787284350784
-0.619890742632364 -0.878912803490416 0.277240868598245 -0.0428556689448619 0.377626972910365 -0.394030184679041 0.173787284350784
-0.910161788093886 0.185704693980459 0.253292621958604 0.184027284292641 0.455727028254108 -0.468738423955816 0.521361853052351
-0.795402596960465 -0.346604054754979 -0.0580345843567307 0.0705858076738886 0.281699731020768 -0.594177724861156 0.868936421753919
-0.729284599613085 -0.346604054754979 0.420930348436091 0.184027284292641 0.432806359838009 -0.467786674552217 1.21651099045549
-0.750670026669762 -0.080277449342587 0.420930348436091 0.165120371522848 0.480345523960288 -0.477370016824401 1.56408555915705
3.40982281730735 1.17421218838258 0.780154048030707 1.07265218447286 0.943569402937488 0.903421360091323 -1.56408555915705
2.56082186308131 0.359304642404493 0.63646456819286 1.35625587601974 0.584195959870265 0.896787495410087 -1.21651099045549
2.00263200864171 -0.251699528294927 0.61251632155322 1.16718674832182 0.477232840595139 0.777027773038027 -0.868936421753919
1.06335454767992 -1.27003981279396 -0.0819828309963713 0.637793190767645 0.147288403889326 0.719159010436481 -0.521361853052351
1.94904445375228 0.766640756204106 0.923843527868553 1.12937292278223 0.487419804335627 0.828535966053717 -0.173787284350784
1.73570281982745 0.766640756204106 0.875947034589271 0.883583056774939 0.339425858883534 0.834151682634554 0.173787284350784
0.718382743211613 -0.862703698994346 -0.0580345843567307 0.864676144005147 0.218597150072743 0.574415272359087 0.521361853052351
1.59958636331986 -0.455367585194733 0.851998787949631 1.24281439940099 0.310562794952151 0.775095623410205 0.868936421753919
1.382164809805 0.766640756204106 0.0138101555621931 1.03483835893327 0.301224744856704 0.72373951381496 1.21651099045549
0.760949151201992 -0.251581869105499 0.18144788203968 0.78904849292598 0.206712359042174 0.604875801530136 1.56408555915705
-0.618337907249157 -0.685892743501534 -0.800430230185604 -0.0806694944844465 -0.941301860267847 -0.102991793389463 -1.56408555915705
-0.364133509559697 -0.190300501701914 -0.513051270509911 -0.0239487561750704 -0.893479724930554 -0.0713821836773853 -1.21651099045549
-0.533974466610596 -1.42953002244496 -0.560947763789193 0.108399633213473 -0.825849604542313 -0.116476832115534 -0.868936421753919
-0.129828045619597 -1.42953002244496 -0.920171463383809 0.146213458753056 -0.834055769777706 -0.0989227208756299 -0.521361853052351
-0.669650760757251 -1.42953002244496 -0.824378476825244 0.429817150299935 -0.952054766438362 -0.43133440273097 -0.173787284350784
-0.469182780105466 -1.42953002244496 -0.129879324275653 0.562165539688477 -0.85499563968871 -0.228251806918612 0.173787284350784
-0.698239747771699 -1.42953002244496 -0.968067956663091 0.259654935371808 -1.05420737505826 -0.488580020711027 0.521361853052351
-1.02441053966688 1.29677492318974 -0.417258283951346 0.316375673681183 -0.92007901914183 -0.318140404513105 0.868936421753919
-0.351108610697554 -1.42953002244496 -0.225672310834218 0.58107245245827 -0.577683848975419 -0.126837775997839 1.21651099045549
-0.803422794237586 -1.42950513082056 -0.417258283951346 0.713420841846812 -0.675591889370112 -0.245119770031885 1.56408555915705
1.54654317017436 1.0774852443858 0.540671581634296 0.713420841846812 2.68582317377599 0.11037892339094 -1.56408555915705
2.07207235759971 1.38320134710665 0.15749963540004 0.373096411990559 2.6527155416194 0.165728111672393 -1.21651099045549
2.18074840092916 1.68925907447667 0.444878595075732 0.599979365228062 2.94587372037345 0.335574668508137 -0.868936421753919
2.17588518361275 -1.37131819922355 0.492775088355014 0.39200332476035 2.85617184521415 0.326614297885575 -0.521361853052351
2.69638057557641 0.158970437626559 0.133551388760398 0.297468760911391 2.52226581149815 0.126147122403908 -0.173787284350784
1.8839351359781 0.158970437626559 0.540671581634296 0.675607016307229 2.82617689642271 0.258754860669943 0.173787284350784
1.72629259243495 1.07714361973662 0.420930348436091 0.486537888609309 2.75854677603447 0.177701040376929 0.521361853052351
1.77447771133013 1.38320134710665 0.732257554751425 0.732327754616605 2.91304905943188 0.311085673117727 0.868936421753919
1.60623590700717 1.99531680184669 0.109603142120757 0.127306545983265 2.70195253303176 0.238095285404781 1.21651099045549
2.06533509037974 -0.759088869600447 0.229344375318962 0.467630975839518 2.48293281261126 0.0704764040341672 1.56408555915705
-0.482955704943197 0.292336374692825 0.804102294670348 0.39200332476035 0.633432951282625 -0.562107003034877 -1.56408555915705
-0.63829427014989 0.292022025458659 0.995688267787476 0.448724063069727 0.601174232771079 -0.612346631097361 -1.21651099045549
-0.366364791149634 0.685901615869105 0.995688267787476 0.543258626918686 0.603720973706201 -0.630923555111008 -0.868936421753919
-0.571054320449959 0.292022025458659 0.468826841715373 0.240748022602015 0.41780888544229 -0.941330111159351 -0.521361853052351
-0.707479275236869 1.07978120627955 0.828050541309989 0.373096411990559 0.343670427108738 -1.18282125073343 -0.173787284350784
-0.595913629538488 1.47366079669 0.0617066488414753 -0.0617625817146551 0.44242738114847 -1.06086261189364 0.173787284350784
-1.06310108777993 -0.495737155362234 0.253292621958604 0.0894927204436801 0.257647177744614 -1.18905672256074 0.521361853052351
-1.04497831163281 -0.88961674577268 0.0138101555621931 -0.099576407254238 0.283397558310849 -1.3343406623628 0.868936421753919
-1.05446515680657 -0.88961674577268 0.444878595075732 0.127306545983265 0.232745710823421 -1.24672081077121 1.21651099045549
-1.27339439113631 -1.28343346633629 -0.105931077636013 -0.307552447721948 0.141911950804068 -1.64150778162775 1.56408555915705
-1.20637674387922 0.25229531149232 -1.90204957560909 -2.76545110779489 1.92208386445439 -1.05402629150917 -1.56408555915705
-1.30169176411829 0.895295560736368 -1.54282587601448 -2.48184741624801 2.0015987758732 -0.862996589415957 -1.21651099045549
-0.761487572418082 -1.46298663598274 -1.99784256216766 -2.84107875887406 1.87312984425704 -1.2277485260721 -0.868936421753919
-1.08073746948326 0.466516979514711 -2.09363554872622 -2.91670640995323 2.01970893363406 -0.909787982403618 -0.521361853052351
-1.0711611493277 0.68090627012554 -2.23732502856407 -3.03014788657198 1.70447900010896 -1.20810654127079 -0.173787284350784
-1.04872508256939 0.895295560736368 -1.7344118491316 -2.63310271840635 1.6470358434612 -1.32864458245127 0.173787284350784
-0.89105307944586 1.1096848513472 -2.0217908088073 -2.85998567164385 1.81625263003931 -1.10951319351078 0.521361853052351
-1.38417049161412 -0.176650892317774 -2.09363554872622 -2.91670640995323 1.27804137908352 -0.992956493152726 0.868936421753919
-1.13839834268768 -1.24859734537192 -2.28522152184335 -3.06796171211156 1.71013842440923 -1.34108758638568 1.21651099045549
-1.12503339608924 1.75315071889246 -1.92599782224873 -2.78435802056468 1.74437794142587 -1.37409589112688 1.56408555915705
-1.0255303137034 -0.15969697350548 0.133551388760398 0.0516788949040971 -0.557592892709457 0.00739480854752235 -1.56408555915705
-0.483007801428991 -1.37387746206924 0.660412814832502 0.845769231235356 -0.423181565578015 0.060162556852746 -1.21651099045549
-0.221237727839969 -1.37387746206924 0.732257554751425 1.03483835893327 -0.402524666882025 -0.131214915532013 -0.868936421753919
-0.309038860699127 0.14361486055241 -0.129879324275653 0.448724063069727 -0.473550441850429 0.0281566948257214 -0.521361853052351
-0.535887550601911 0.14361486055241 0.301189115237885 0.505444801379103 -0.569477683740026 0.0731326937976791 -0.173787284350784
0.222126214243329 -1.07037899754491 0.373033855156809 1.07265218447286 -0.576551964115365 -0.0804705749777987 0.173787284350784
-0.157960417575085 -0.46338206849625 -0.0819828309963713 1.12937292278223 -0.310559022002617 -0.0248322000340554 0.521361853052351
-0.0978314190960779 -1.37387746206924 -0.201724064194577 1.18609366109161 -0.141908177854535 -0.0313713663671227 0.868936421753919
-0.400746678288385 -1.37387746206924 -0.0101380910774485 0.864676144005147 -0.285940526296437 0.0525198177699907 1.21651099045549
-0.739005299295774 -1.37384013597595 -0.129879324275653 1.09155909724265 -0.338856143503973 -0.115165471148484 1.56408555915705
1.06299795817204 -0.0573893735828366 -1.49492938273519 -0.893666743585497 -1.01430843374135 0.013956907213058 -1.56408555915705
0.677944454799662 1.02230632402102 -1.63861886257304 -0.364273186031325 -1.10259545282558 -0.36874831698102 -1.21651099045549
0.158310490563075 1.29227454908247 -2.16548028864514 -0.836946005276122 -1.20927560088569 -0.627020129233706 -0.868936421753919
1.48961943969573 1.02230632402102 -1.85415308232981 -0.62896996480841 -0.972711665134352 -0.268835134735059 -0.521361853052351
0.647368438167704 0.482369873898097 -1.6146706159334 -0.364273186031325 -1.07146861917408 -0.357684865602481 -0.173787284350784
0.900350973049872 0.482369873898097 -1.63861886257304 -0.383180098801116 -0.950356939148281 -0.320449950272963 0.173787284350784
0.526846067622376 0.752338098959557 -1.59072236929376 -0.345366273261532 -0.999310959345626 -0.317238128484469 0.521361853052351
0.122336020242251 1.56224277414393 -1.87810132896945 -0.402087011570908 -1.14447519264758 -0.459746136717266 0.868936421753919
0.454810365467232 0.752338098959557 -1.85415308232981 -0.534435400959451 -1.01487437617137 -0.438371706265464 1.21651099045549
1.28541430447719 1.83259493826302 -2.11758379536586 -0.704597615887578 -1.0445863537478 -0.579823546499833 1.56408555915705
-0.21410602376809 -0.898237913278244 -0.345413544032423 -0.439900837110492 0.878486023484369 -0.651379020638168 -1.56408555915705
0.204092020908081 -0.378949204417722 -0.2735688041135 -1.17727043513237 0.235575422973557 -0.600075188616266 -1.21651099045549
-0.213599145185761 -0.119263859982552 -0.249620557473859 0.467630975839518 1.17419094317354 -0.775362983065273 -0.868936421753919
-0.213459843305667 0.140421484452618 -0.249620557473859 0.58107245245827 1.25398882580737 -0.667365635880345 -0.521361853052351
-0.224368363022488 0.659792173322958 -0.177775817554936 0.751234667386397 1.39632334695919 -0.510331165145937 -0.173787284350784
-0.186872252911876 0.400106828887788 -0.536999517149551 0.410910237530142 1.45659621575708 -0.610433318382675 0.173787284350784
-0.622698640883898 0.659792173322958 -0.848326723464886 0.599979365228062 1.35444360713718 -0.80445434553334 0.521361853052351
-0.564889101898358 0.140421484452618 -0.584896010428834 0.505444801379103 1.32614648563582 -0.573719346959696 0.868936421753919
-0.474001959021522 -0.119263859982552 -0.992016203302732 0.713420841846812 1.3841555847136 -0.553246742815208 1.21651099045549
-0.752292887833954 0.660038113352414 -0.632792503708116 0.656700103537438 1.1690974613033 -1.10486415073152 1.56408555915705
0.0482098964864038 0.891979605021983 1.21122248754425 0.316375673681183 -1.11532915750119 0.765677818487508 -1.56408555915705
-0.0296901532810217 1.25859375490752 1.04358476106676 0.316375673681183 -0.991387765325247 0.726798223548313 -1.21651099045549
-0.331467568304244 0.891597544719884 1.23517073418389 0.675607016307229 -1.00723415336601 0.656099382685609 -0.868936421753919
-0.458248913534886 0.524601334532247 1.21122248754425 0.562165539688477 -0.940452946622806 0.568654647156272 -0.521361853052351
-0.355292416258061 0.157605124344611 1.16332599426496 0.505444801379103 -1.0216656853317 0.574214079232195 -0.173787284350784
-0.0190755058010527 1.62558996509516 0.780154048030707 0.467630975839518 -1.07712804347436 0.569752066735489 0.173787284350784
-0.316375592099355 1.25859375490752 0.468826841715373 0.202934197062432 -1.07288347524915 0.527200556651933 0.521361853052351
0.0262906255248452 1.25859375490752 0.61251632155322 0.354189499220767 -0.928851126807249 0.576032499117834 0.868936421753919
0.228694810119694 0.891597544719884 0.828050541309989 0.486537888609309 -0.965637384759013 0.521746129403338 1.21651099045549
0.00795403648361948 0.52492881479119 1.01963651442712 0.637793190767645 -1.03524830365235 0.386507292612421 1.56408555915705
0.0405417132338656 -0.230900021238639 -2.66839346807761 -1.64994325437717 -0.518542865037585 -3.30738875168579 -1.56408555915705
0.042446715900287 0.853586070854859 -2.18942853528478 -1.21508426067196 -0.519391778682626 -3.31743424159318 -1.21651099045549
0.525980719502947 2.29985006939682 -1.32729165625771 -0.326459360491741 -0.508921843727124 -3.16005876183374 -0.868936421753919
0.368094860315878 0.853586070854859 -1.63861886257304 -0.439900837110492 -0.488547916246148 -3.11569375113826 -0.521361853052351
0.267386624210551 2.29985006939682 -1.78230834241089 -0.458807749880284 -0.551933468409185 -3.18227572162445 -0.173787284350784
0.805674906488405 1.93828406976133 -3.00366892103258 -1.17727043513237 -0.41723917006273 -3.38077735427361 0.173787284350784
1.27558572504595 -0.231111928051612 -2.16548028864514 -0.345366273261532 -0.630599466182955 -3.11256997075524 0.521361853052351
-0.235767578944561 1.57671807012584 -2.09363554872622 -0.458807749880284 -0.728224535362635 -3.59993475137381 0.868936421753919
0.254810195855417 0.492020071219368 -2.26127327520371 -0.496621575419867 -0.722565111062363 -3.54737985873829 1.21651099045549
-0.0669803209653978 -1.31575695025484 -2.26127327520371 -0.288645534952157 -0.761332167519221 -3.6440834491865 1.56408555915705
-1.97862648259289 -0.178499749311988 0.732257554751425 0.316375673681183 -0.394318501646632 -0.153415749899073 -1.56408555915705
-1.77614499169846 -1.37763709813695 0.420930348436091 0.316375673681183 -0.508072930082084 -0.0393775289375148 -1.21651099045549
-1.72767291093386 -0.178681784310444 0.373033855156809 0.335282586450976 -0.48402037680593 -0.00567734776097829 -0.868936421753919
-1.93052712989643 -1.37763709813695 0.253292621958604 0.335282586450976 -0.429406932308313 -0.0500226265384891 -0.521361853052351
-1.94513333233298 -1.37763709813695 0.133551388760398 0.448724063069727 -0.564101230654769 -0.127780197110143 -0.173787284350784
-1.83634809683747 -1.37763709813695 0.277240868598245 0.429817150299935 -0.5459910728939 -0.0296175348140577 0.173787284350784
-1.84248979895468 -1.37763709813695 0.277240868598245 0.335282586450976 -0.534389253078344 -0.121114903601905 0.521361853052351
-1.70780875525994 -1.37763709813695 -0.70463724362704 0.221841109832224 -0.344798539019258 -0.182764509287807 0.868936421753919
-1.86009014554069 -0.47842061276707 0.373033855156809 0.58107245245827 -0.468456959980185 -0.0351203960669857 1.21651099045549
-1.97434711971975 -0.778050220224622 0.373033855156809 0.486537888609309 -0.428558018663273 -0.0492135571849879 1.56408555915705
0.820202348488238 -0.473742903666552 1.01963651442712 -0.250831709412573 0.547975644348529 -2.22356730005062 -1.56408555915705
0.833718983975099 0.12785351154749 1.23517073418389 0.0327719821343057 0.81736424104144 -2.14147063114397 -1.21651099045549
0.552017968287435 0.729596657594511 1.0675330077064 0.0327719821343057 0.712664891486422 -2.21920152546609 -0.868936421753919
0.305518285076769 -0.17301806147602 1.09148125434604 -0.0806694944844465 0.757657314673579 -2.12442366372957 -0.521361853052351
0.674931892159426 1.03046823061802 0.995688267787476 0.0894927204436801 0.630037296702462 -2.28043470295212 -0.173787284350784
0.718005879478599 -1.37650435357006 0.923843527868553 0.0138650693645125 0.701629014100893 -2.23201272502185 0.173787284350784
0.989857551471375 -0.473889634499531 0.540671581634296 -0.175204058333406 0.33829397402348 -2.48076595892751 0.521361853052351
1.38363812750116 1.03046823061802 0.804102294670348 -0.0806694944844465 0.435070129558118 -2.49144761236401 0.868936421753919
1.16422534458641 0.729596657594511 0.63646456819286 -0.269738622182365 0.585893787160347 -2.31747444557621 1.21651099045549
1.48639149515367 1.33170663072398 0.63646456819286 -0.307552447721948 0.160588050994963 -2.53046817172879 1.56408555915705
-0.364017436679833 0.863403394998867 -0.129879324275653 -1.36633956283029 -0.847638388098358 0.173448424410333 -1.56408555915705
-0.53297870697148 1.49818958229971 -0.297517050753142 -1.49868795221884 -0.905647487176137 -0.0752434041778576 -1.21651099045549
-0.516928459326938 0.227963378742395 -1.32729165625771 -2.31168520131989 -1.02194865654671 -0.236839425915418 -0.868936421753919
-0.0399210244922145 0.863076480521051 -1.03991269658201 -2.08480224808238 -1.01487437617137 -0.165256306146523 -0.521361853052351
0.102626497273693 0.227963378742395 -0.920171463383809 -1.99026768423343 -1.19937160836021 -0.253791183648549 -0.173787284350784
-0.223455631468942 0.863076480521051 -0.824378476825244 -1.91464003315426 -1.0092149518711 -0.215134234303879 0.173787284350784
-0.529782004547932 0.863076480521051 -1.37518814953699 -2.34949902685947 -1.01062980794617 -0.299746679078041 0.521361853052351
-0.623110213375088 1.49818958229971 -1.68651535585232 -2.59528889286677 -0.981483772799772 -0.500450295059263 0.868936421753919
-0.456477171179894 0.545519929631723 -1.25544691633878 -2.25496446301051 -0.989689938035165 -0.53947156630298 1.21651099045549
-0.594914418995304 0.228208564600757 -1.39913639617663 -2.36840593962926 -1.10627407862075 -0.517737408235736 1.56408555915705
