fl	i	mean.bodyw.	sd.bodyw.	sd.bodyw..mean.bodyw.	max.bodyw.	min.bodyw.	sRate	nsyll	npause	dur..s.	phonationtime..s.	speechrate..nsyll.dur.	articulation.rate..nsyll...phonationtime.	ASD..speakingtime.nsyll.	tmin	tmax	f0mean	fmin	fmax	f0stdev	CoefVarF0	isq	meanIntensity	sdIntensity
Speaker1.txt	1	0.186932441	0.133916711	0.716390959	1.192097014	0.009912913	0.705384435	1101	81	340.4	294.56	3.23	3.74	0.268	0	340.4	216.36	94.08	527.53	63.25	0.292336846	20.25	76.24287756	7.322401354
Speaker1.txt	2	0.166438841	0.131659429	0.791037885	1.529146603	0.0117575	0.705301516	1077	95	340.4	285.07	3.16	3.78	0.265	0	340.4	209.71	92.4	539.25	63.81	0.304277335	12.25	76.39548794	7.558869437
Speaker1.txt	3	0.167504152	0.135629586	0.809708799	1.610713911	0.013216897	0.705301516	1024	98	340.4	264.53	3.01	3.87	0.258	0	340.4	214.22	91.23	516.04	68.37	0.319157875	6.25	76.1558774	7.928775753
Speaker1.txt	4	0.198342867	0.142531958	0.718613984	1.776107617	0.01742215	0.176325379	1096	90	340.4	293.28	3.22	3.74	0.268	0	340.4	206.71	88.12	521.9	58.81	0.284504862	2.25	76.63243299	7.566834621
Speaker1.txt	5	0.191816842	0.143383842	0.747503926	1.169823167	0.016944074	1.234277654	1101	94	340.4	278.85	3.23	3.95	0.253	0	340.4	215.4	87.76	526.41	60.54	0.281058496	0.25	77.12934114	7.878783056
Speaker1.txt	6	0.158394141	0.127586033	0.805497176	1.27295703	0.015513935	0.881626895	1085	97	340.4	282.69	3.19	3.84	0.261	0	340.4	208.96	88.93	535.3	80.99	0.387586141	0.25	76.1295984	7.52007043
Speaker1.txt	7	0.179453695	0.132758726	0.739793771	1.281967599	0.017934409	0.176325379	1076	100	340.4	268.03	3.16	4.01	0.249	0	340.4	212.78	99.62	522.87	65.9	0.309709559	2.25	76.35895721	7.900708698
Speaker1.txt	8	0.184318636	0.148183006	0.803950211	1.376184963	0.010201278	0.176325379	1002	109	340.4	252.08	2.94	3.97	0.252	0	340.4	219.44	88.62	518.6	63.85	0.290967918	6.25	76.97753735	8.515385211
Speaker1.txt	9	0.191814425	0.152008011	0.792474347	1.440793873	0.012695585	1.763253791	1053	102	340.4	261.39	3.09	4.03	0.248	0	340.4	222.42	96.51	517.05	65.31	0.293633666	12.25	77.0826571	8.295882439
Speaker1.txt	10	0.219420377	0.203750112	0.928583364	4.824776528	0.001481313	1.058076652	993	95	340.02	254.29	2.92	3.91	0.256	0	340.019592	222.42	94.99	526.78	62.94	0.282978149	20.25	77.10646162	8.546875311
Speaker2.txt	1	0.243578667	0.229121094	0.940645162	2.633327049	0.006532875	1.650846059	1073	59	291	255.77	3.69	4.2	0.238	0	291	149.27	66.42	421.51	52.03	0.348563007	20.25	78.53953	8.159203353
Speaker2.txt	2	0.243024293	0.228884615	0.94181784	3.416714453	0.010097907	1.031636864	1071	51	291	245.96	3.68	4.35	0.23	0	291	158.48	69.74	414.49	53.95	0.340421504	12.25	78.70913448	8.256121047
Speaker2.txt	3	0.23485892	0.215819853	0.918934027	3.346677843	0.013105743	0.618982118	1090	43	291	252.71	3.75	4.31	0.232	0	291	154.83	74.23	420.58	56.44	0.364528838	6.25	78.65935145	8.232818324
Speaker2.txt	4	0.202659106	0.173961039	0.858392415	2.170225361	0.012001706	0.206327373	1130	59	291	254.88	3.88	4.43	0.226	0	291	156.59	70.58	421.63	58.68	0.374736573	2.25	79.03321822	8.144764036
Speaker2.txt	5	0.182123268	0.165732772	0.910003287	1.91698131	0.01442659	0.825309491	1037	67	291	242.15	3.56	4.28	0.234	0	291	157.43	64.16	416.81	56.37	0.358063901	0.25	78.62000902	8.491684619
Speaker2.txt	6	0.226991314	0.221568391	0.976109558	2.825599807	0.012163937	0.618982118	1079	81	291	237.32	3.71	4.55	0.22	0	291	160.25	66.08	419.35	56.91	0.355132605	0.25	78.93468124	8.678934942
Speaker2.txt	7	0.2109654	0.202175863	0.958336595	2.907235506	0.01166335	0.618982118	1091	67	291	249.58	3.75	4.37	0.229	0	291	161.62	70.95	419.92	54.48	0.337086994	2.25	79.2930547	8.520167856
Speaker2.txt	8	0.166458473	0.131773053	0.791627186	1.076480592	0.006170241	1.444291609	1117	57	291	254.04	3.84	4.4	0.227	0	291	157.28	69.63	404.65	47.13	0.299656663	6.25	79.04924925	8.225209061
Speaker2.txt	9	0.154048904	0.121430596	0.788260046	1.062149058	0.015161823	1.031636864	1054	73	291	245.58	3.62	4.29	0.233	0	291	156.76	66.08	421.95	48.03	0.306391937	12.25	79.02102328	8.476977224
Speaker2.txt	10	0.180072559	0.134782932	0.748492345	1.216643604	0.011065721	1.031778787	1128	55	290.92	260.49	3.88	4.33	0.231	0	290.92	153.02	67.56	423.17	47.72	0.31185466	20.25	79.0749514	7.951332112
Speaker3.txt	1	0.345404602	0.295433789	0.855326731	3.211152604	0.009575316	0.189417856	1087	91	316.9	263.99	3.43	4.12	0.243	0	316.9	162.66	69.2	418.53	57.37	0.352698881	20.25	73.81127796	9.859196605
Speaker3.txt	2	0.368337277	0.380807854	1.033856407	6.893799636	0.006901232	0.757575758	1066	84	316.9	245.79	3.36	4.34	0.231	0	316.9	170.25	60.88	425.92	64.38	0.37814978	12.25	72.96580443	10.25669107
Speaker3.txt	3	0.266333728	0.275232822	1.03341332	3.048864127	0.008333996	0.189393939	1015	103	316.9	233.75	3.2	4.34	0.23	0	316.9	172.16	65.65	418.01	64.08	0.372211896	6.25	73.25885268	10.74300467
Speaker3.txt	4	0.407985144	0.359179703	0.880374466	3.407400125	0.00907958	0.189393939	1068	106	316.9	236.87	3.37	4.51	0.222	0	316.9	167.74	65.3	422.96	59.52	0.354834863	2.25	73.03368795	10.47285611
Speaker3.txt	5	0.304789787	0.286268879	0.93923383	4.458840163	0.012538886	0.946969697	1088	102	316.9	250.92	3.43	4.34	0.231	0	316.9	171.99	70.25	422.15	63.7	0.37037037	0.25	73.21203099	10.23437546
Speaker3.txt	6	0.353983007	0.313421265	0.885413309	3.437147841	0.008496619	0.189393939	1099	89	316.9	249.12	3.47	4.41	0.227	0	316.9	177.04	67.01	427.79	62.06	0.35054225	0.25	73.45970371	10.48173953
Speaker3.txt	7	0.316197768	0.291087506	0.920586846	2.78014988	0.012848017	0.189393939	1110	95	316.9	250.18	3.5	4.44	0.225	0	316.9	177.25	71.35	430.33	64.89	0.366093089	2.25	73.09803417	10.21058268
Speaker3.txt	8	0.355564668	0.319458566	0.898454191	2.824803463	0.015130456	0.378787879	1115	88	316.9	251.83	3.52	4.43	0.226	0	316.9	178.47	70.92	425.29	60.37	0.338264134	6.25	73.65401771	10.37954291
Speaker3.txt	9	0.278844724	0.281738215	1.010376711	4.280117197	0.014604463	0.757575758	1156	78	316.9	263.52	3.65	4.39	0.228	0	316.9	180.95	65.55	424.86	62.66	0.346283504	12.25	73.99634855	10.00130221
Speaker3.txt	10	0.280108037	0.280518537	1.001465503	3.447174543	0.003143912	0.378835712	1103	81	316.71	254.83	3.48	4.33	0.231	0	316.708005	178.66	66.35	431.83	58.6	0.327997313	20.25	73.56237966	10.29445066
Speaker4.txt	1	0.41424729	0.338331576	0.816738176	3.964542915	0.000686995	2.33553912	1274	49	308.3	287.04	4.13	4.44	0.225	0	308.3	139.53	71.7	399.83	47.53	0.340643589	20.25	77.75037511	7.762006731
Speaker4.txt	2	0.413334707	0.31830225	0.770083529	3.085642366	0.030422043	0.973015049	1273	55	308.3	285.39	4.13	4.46	0.224	0	308.3	146.22	67.6	421.76	51.12	0.349610176	12.25	78.24325719	7.894636324
Speaker4.txt	3	0.406234024	0.358680868	0.882941473	3.472370555	0.001018612	1.362221069	1301	49	308.3	283.87	4.22	4.58	0.218	0	308.3	145.35	66.72	404.76	44.6	0.306845545	6.25	78.41467442	8.082378981
Speaker4.txt	4	0.359322011	0.367628168	1.023116195	3.325524125	9.19E-08	0.19460301	1267	61	308.3	277.88	4.11	4.56	0.219	0	308.3	150.75	68.42	429.83	49.15	0.326036484	2.25	78.83013996	8.304428382
Speaker4.txt	5	0.366381327	0.326380439	0.890821708	2.946229265	0.001942593	1.556824079	1211	69	308.3	268.17	3.93	4.52	0.221	0	308.3	146.2	70.37	415.29	45.13	0.308686731	0.25	78.41933933	8.419075787
Speaker4.txt	6	0.346798068	0.356093644	1.026804001	3.668280722	0.002146835	0.19460301	1225	63	308.3	275.61	3.97	4.44	0.225	0	308.3	149.04	63.6	427.87	49.11	0.329508857	0.25	78.19462995	8.161197194
Speaker4.txt	7	0.425237443	0.341727994	0.803616897	2.981270629	0.021081232	0.778412039	1218	72	308.3	271.02	3.95	4.49	0.223	0	308.3	143.93	69.48	423.23	47.93	0.333009102	2.25	77.90598725	8.294953538
Speaker4.txt	8	0.400853424	0.330222283	0.823798084	3.720618363	0.005466343	1.946030099	1195	67	308.3	274.44	3.88	4.35	0.23	0	308.3	146.84	67.72	420.43	52.28	0.356033778	6.25	77.47291166	8.027125259
Speaker4.txt	9	0.354845384	0.346148926	0.975492262	3.132978427	0.001351225	1.556824079	1176	73	308.3	268.97	3.81	4.37	0.229	0	308.3	148.17	70.02	423.91	52.04	0.351218195	12.25	77.51777562	8.139213221
Speaker4.txt	10	0.366122844	0.30713879	0.838895455	2.813359397	0.009100935	1.55702608	1254	57	307.91	277.6	4.07	4.52	0.221	0	307.913061	157.59	66.57	420.62	54.55	0.346151406	20.25	77.69198655	7.987754489
Speaker5.txt	1	0.161703781	0.227225868	1.405198238	6.255951183	0.002834781	1.397205589	934	94	300.5	238.47	3.11	3.92	0.255	0	300.5	170.66	67.34	417.97	56.96	0.333763038	20.25	76.18979511	7.900448298
Speaker5.txt	2	0.259548352	0.287106662	1.106177945	5.613174966	0.001536521	1.796168175	997	102	300.5	223.67	3.32	4.46	0.224	0	300.5	183.74	67.76	421.91	58.03	0.315826712	12.25	76.82168986	8.688785934
Speaker5.txt	3	0.279729552	0.296393598	1.059571991	7.120456721	0.001600355	1.596593933	973	93	300.5	234.91	3.24	4.14	0.241	0	300.5	176.71	64.3	413.5	59.8	0.33840756	6.25	76.58623359	8.308405445
Speaker5.txt	4	0.329130834	0.344244495	1.045919916	7.062997943	0.002754563	1.796168175	1073	103	300.5	239.07	3.57	4.49	0.223	0	300.5	170.31	66.75	431.99	54.61	0.320650578	2.25	76.77856515	8.315354269
Speaker5.txt	5	0.293683492	0.311899183	1.062024906	3.897845461	0.004304445	1.397019691	1060	86	300.5	243.09	3.53	4.36	0.229	0	300.5	172.62	69.83	417.81	58.45	0.338605028	0.25	75.70991012	7.866104972
Speaker5.txt	6	0.300386645	0.289686444	0.964378572	2.815697776	0.002327712	1.995742416	1010	111	300.5	225.67	3.36	4.48	0.223	0	300.5	169.66	71.21	417.72	53.29	0.314098786	0.25	75.87427476	8.198051421
Speaker5.txt	7	0.365546242	0.357662073	0.978431815	4.261296794	0.003649005	1.796168175	1077	106	300.5	230.51	3.58	4.67	0.214	0	300.5	172.49	67.75	419.85	52.81	0.306162676	2.25	77.20633248	8.715175045
Speaker5.txt	8	0.283503079	0.297381732	1.048954152	2.90467048	0.000729762	2.195316658	1000	105	300.5	223.16	3.33	4.48	0.223	0	300.5	179.67	73.1	424.63	61.4	0.34173763	6.25	77.08484913	8.929563912
Speaker5.txt	9	0.334132668	0.322416386	0.964935239	5.431335333	0.004080681	1.796168175	809	96	300.5	212.24	2.69	3.81	0.262	0	300.5	180.02	70.24	421.44	64.44	0.357960227	12.25	76.71475975	8.876541078
Speaker5.txt	10	0.3199453	0.317764777	0.993184701	7.202332701	0.00308725	1.996007984	880	103	300.23	202.15	2.93	4.35	0.23	0	300.229796	186.59	64.52	421.81	62.14	0.333029637	20.25	76.46801764	8.812957203
Speaker6.txt	1	0.177689174	0.176388082	0.992677705	1.661168315	0.007282061	0.981836033	815	26	244.7	226.08	3.33	3.6	0.277	0	244.7	199.79	88.67	525.68	38.89	0.194654387	20.25	72.74925169	5.893988409
Speaker6.txt	2	0.158888645	0.151454861	0.953213871	1.696313741	0.004845512	0.245418848	920	12	244.7	239.44	3.76	3.84	0.26	0	244.7	199.24	90.86	525.61	40.96	0.205581209	12.25	73.62534928	5.87934227
Speaker6.txt	3	0.15222409	0.135814536	0.89220133	1.223442405	0.00957594	0.245418848	887	19	244.7	235.8	3.62	3.76	0.266	0	244.7	204.55	92.17	495.76	40.42	0.197604498	6.25	73.83734968	6.028737633
Speaker6.txt	4	0.146689069	0.150037288	1.022825279	1.925279987	0.00832509	0.736256545	906	33	244.7	229.37	3.7	3.95	0.253	0	244.7	200.43	94.44	513.62	38.87	0.193933044	2.25	73.55089921	5.967623278
Speaker6.txt	5	0.141830422	0.132044243	0.931000847	1.304785843	0.01098585	0.736256545	892	21	244.7	234.26	3.65	3.81	0.263	0	244.7	203.48	96.42	497.68	34.81	0.171073324	0.25	73.4904954	5.907017427
Speaker6.txt	6	0.132606201	0.127787791	0.963663764	1.369346096	0.008865471	0.981675393	908	18	244.7	236.25	3.71	3.84	0.26	0	244.7	198.41	99.92	521.71	34.25	0.172622348	0.25	73.75998876	5.995515554
Speaker6.txt	7	0.124745476	0.133659183	1.07145515	1.978152055	0.005160113	0.981675393	944	18	244.7	235.61	3.86	4.01	0.25	0	244.7	191.36	100.98	497.83	30.76	0.160744147	2.25	74.17806559	6.101715788
Speaker6.txt	8	0.133485396	0.145608931	1.090822932	1.646374319	0.007651496	0.981675393	924	21	244.7	233.79	3.78	3.95	0.253	0	244.7	198.97	100.65	495.28	32.4	0.162838619	6.25	74.08598249	6.080346852
Speaker6.txt	9	0.120957299	0.138728878	1.146924407	2.468291268	0.006923419	0.981675393	927	37	244.7	226.52	3.79	4.09	0.244	0	244.7	199.74	100.84	499.01	34.61	0.173275258	12.25	73.84052735	5.928971109
Speaker6.txt	10	0.123538517	0.134285493	1.086992919	1.79828915	0.007965059	1.227295042	938	20	245.08	231.95	3.83	4.04	0.247	0	245.077959	193.36	99.77	498.02	30.91	0.159857261	20.25	73.80747437	7.995469279
Speaker7.txt	1	0.240185612	0.185907803	0.774017232	5.66767772	0.022191768	0.137614679	1720	46	436.2	415.64	3.94	4.14	0.242	0	436.2	217.26	88.32	491.2	34.58	0.159164135	20.25	73.15712909	7.95021536
Speaker7.txt	2	0.299815343	0.263570256	0.87910863	5.388303996	0.057656158	0.137602055	1689	62	436.2	402.68	3.87	4.19	0.238	0	436.2	229.07	94.35	515.73	43.78	0.191120618	12.25	73.64203102	8.724841414
Speaker7.txt	3	0.254263974	0.213542573	0.839845966	4.085702993	0.042411501	0.412806165	1717	59	436.2	407.96	3.94	4.21	0.238	0	436.2	229.02	88.44	496.91	38.57	0.168413239	6.25	73.57247235	8.428961073
Speaker7.txt	4	0.319700219	0.277183815	0.867011652	3.593519094	0.033272224	0.137602055	1644	96	436.2	386.95	3.77	4.25	0.235	0	436.2	228.84	89.22	499.06	36.68	0.160286663	2.25	73.11292116	9.077675505
Speaker7.txt	5	0.282976145	0.219208314	0.774652978	2.472964746	0.047916305	0.137602055	1606	108	436.2	385.94	3.68	4.16	0.24	0	436.2	230.84	88.68	497.07	39.29	0.170204471	0.25	73.41952663	9.174274001
Speaker7.txt	6	0.30942232	0.261362676	0.844679453	3.63325288	0.048521605	0.688010274	1571	84	436.2	383.72	3.6	4.09	0.244	0	436.2	242.35	95.55	510.26	47.04	0.194099443	0.25	74.09795168	9.566418289
Speaker7.txt	7	0.294760555	0.279754375	0.949090272	5.772541056	0.044738101	0.963214384	1676	85	436.2	392.07	3.84	4.27	0.234	0	436.2	245.37	93.84	511.81	41.89	0.170721767	2.25	74.21846448	9.114019133
Speaker7.txt	8	0.307206691	0.242608166	0.789722923	4.071629102	0.037238852	1.100816439	1702	70	436.2	401.72	3.9	4.24	0.236	0	436.2	236.97	87.88	503.87	41.08	0.173355277	6.25	74.27322564	8.8887606
Speaker7.txt	9	0.344270714	0.27295734	0.792856691	3.960798079	0.041163403	0.963214384	1635	83	436.2	393.62	3.75	4.15	0.241	0	436.2	236.39	90.1	529.62	51.62	0.218367951	12.25	74.08429342	9.007598814
Speaker7.txt	10	0.273123279	0.203055334	0.743456706	2.634761329	0.032407916	1.23853211	1494	54	435.8	410.39	3.43	3.64	0.275	0	435.8	205.98	87.94	499.65	49.68	0.241188465	20.25	74.61856978	8.3993049
Speaker8.txt	1	0.258058619	0.16642613	0.64491599	3.316671714	0.069226058	0.344155099	1292	0	348.6	348.6	3.71	3.71	0.27	0	348.6	127.05	67.89	398.37	38.78	0.30523416	20.25	74.10898818	5.830233707
Speaker8.txt	2	0.312863018	0.331827261	1.060615164	6.493607522	0.078338776	0.688231246	1187	0	348.6	348.6	3.41	3.41	0.294	0	348.6	120.73	68.59	397.8	36.45	0.30191336	12.25	73.74074105	5.739417252
Speaker8.txt	3	0.333449067	0.332849333	0.998201421	5.924281814	0.064545207	0.688231246	1016	0	348.6	348.6	2.91	2.91	0.343	0	348.6	114.5	66.53	399.52	36.86	0.321921397	6.25	73.43151006	5.605811414
Speaker8.txt	4	0.27075064	0.171037632	0.631716446	2.34380348	0.07392377	0.688231246	901	0	348.6	348.6	2.58	2.58	0.387	0	348.6	111	66.8	376.6	33.65	0.303153153	2.25	73.38794248	5.415599579
Speaker8.txt	5	0.271346689	0.190746999	0.702964165	2.942670614	0.079897355	0.516173434	853	0	348.6	348.6	2.45	2.45	0.409	0	348.6	109.25	66.35	395.91	30.69	0.280915332	0.25	73.33822492	5.392597477
Speaker8.txt	6	0.303634521	0.211996804	0.698197303	2.870587064	0.084804988	0.688231246	931	0	348.6	348.6	2.67	2.67	0.374	0	348.6	113.26	66.14	398.55	32.39	0.285979163	0.25	74.3217496	5.520319275
Speaker8.txt	7	0.288296931	0.214577001	0.744291658	3.156157734	0.066436049	0.344115623	877	0	348.6	348.6	2.52	2.52	0.397	0	348.6	110.86	66.08	386.47	32.12	0.289734801	2.25	73.93984332	5.424648025
Speaker8.txt	8	0.297244203	0.244838689	0.82369542	3.910960458	0.079101704	0.344115623	903	0	348.6	348.6	2.59	2.59	0.386	0	348.6	111.1	69.49	397.69	33.8	0.304230423	6.25	74.26139301	5.413685384
Speaker8.txt	9	0.279264885	0.216877071	0.776599862	3.578006397	0.067340149	0.344115623	935	0	348.6	348.6	2.68	2.68	0.373	0	348.6	113.29	67.04	398.22	35.3	0.311589725	12.25	74.37369453	5.31629061
Speaker8.txt	10	0.244704309	0.15691238	0.641232599	2.045436372	0.069583614	1.032465298	820	0	348.36	348.36	2.35	2.35	0.425	0	348.36	107.47	66.57	390.78	30.36	0.282497441	20.25	73.40720509	5.019309001
Speaker9.txt	1	0.375234528	0.251663323	0.670682746	2.611092035	0.036627256	0.768541053	1029	88	312.11	256.74	3.3	4.01	0.25	0	312.111995	134.65	61.07	422.87	50.7	0.376531749	20.25	74.17076606	10.9179559
Speaker9.txt	2	0.349217446	0.230966146	0.661382038	2.399479759	0.049966009	0.768442623	1096	87	312.11	256.22	3.51	4.28	0.234	0	312.111995	140.98	67.6	420.19	49.16	0.348701944	12.25	74.63990989	10.96975518
Speaker9.txt	3	0.403175503	0.277726841	0.688848502	2.893501039	0.066999226	1.152663934	1063	73	312.11	261.86	3.41	4.06	0.246	0	312.112018	145.98	68.13	416.3	56.24	0.385258255	6.25	74.61736761	10.66006422
Speaker9.txt	4	0.348124188	0.244191327	0.701448895	2.477237343	0.043366681	2.68954918	1064	90	312.11	258.08	3.41	4.12	0.243	0	312.111995	142.78	69.85	417.92	46.75	0.32742681	2.25	74.5370735	10.92492289
Speaker9.txt	5	0.327879692	0.235567869	0.718458246	3.272623879	0.037585139	1.728995902	1026	80	312.11	258.21	3.29	3.97	0.252	0	312.111995	140.05	64.95	415.98	49.29	0.351945734	0.25	74.45321065	10.76049967
Speaker9.txt	6	0.325664716	0.230593627	0.708070649	2.106064702	0.05084587	2.113217213	1037	99	312.11	254.16	3.32	4.08	0.245	0	312.111995	143.39	72.34	423.52	51.27	0.357556315	0.25	74.29941664	10.93341272
Speaker9.txt	7	0.329455701	0.224842738	0.682467284	2.411947525	0.026225717	1.536885246	1079	86	312.11	261.9	3.46	4.12	0.243	0	312.111995	145.69	70.08	408.36	48.77	0.33475187	2.25	74.67251402	10.59889777
Speaker9.txt	8	0.364617812	0.251391398	0.689465489	2.633146621	0.047836399	1.728995902	1028	83	312.11	262.22	3.29	3.92	0.255	0	312.112018	143.77	67.23	414.89	47.66	0.331501704	6.25	74.85298773	10.7031145
Speaker9.txt	9	0.33191711	0.209487113	0.631142858	2.063047974	0.04731611	1.921106557	1045	97	312.11	253.6	3.35	4.12	0.243	0	312.111995	138.69	67.13	416.83	43.27	0.311990771	12.25	74.19543904	10.83588182
Speaker9.txt	10	0.303820999	0.200021395	0.658352766	2.777111326	0.043613963	2.113487895	1005	94	312.11	256.96	3.22	3.91	0.256	0	312.111995	137.92	70.8	423.13	42.49	0.308077146	20.25	73.88223667	10.80748506
Speaker10.txt	1	0.189122785	0.167596421	0.886177843	3.387576553	0.012391763	0.168199148	1268	80	356.8	323.25	3.55	3.92	0.255	0	356.8	184.31	87.97	527.07	58.83	0.319190494	20.25	74.90265346	6.150949179
Speaker10.txt	2	0.20242052	0.189443938	0.93589295	4.428499168	0.012064038	0.840901446	1306	101	356.8	308.85	3.66	4.23	0.236	0	356.8	190.08	92.29	531.27	54.46	0.286510943	12.25	75.57861383	6.371139995
Speaker10.txt	3	0.234111	0.224855786	0.960466556	3.155150214	0.010656203	0.504540868	1282	59	356.8	332.74	3.59	3.85	0.26	0	356.8	191.26	94.77	529.05	54.95	0.287305239	6.25	75.47071976	6.31484811
Speaker10.txt	4	0.171626545	0.139318442	0.811753464	2.529210683	0.005582242	0.672721157	1298	16	356.8	351.47	3.64	3.69	0.271	0	356.8	191.12	94.38	525.61	50.69	0.265226036	2.25	75.28562774	6.215501564
Speaker10.txt	5	0.197708025	0.182473411	0.922943876	3.874064057	0.011287083	0.168180289	1297	117	356.8	300.86	3.64	4.31	0.232	0	356.8	190.72	94.44	527.31	48	0.251677852	0.25	75.52095281	6.326585805
Speaker10.txt	6	0.11826752	0.07369554	0.623125775	1.186871117	0.005250723	0.168180289	1265	107	356.8	301.42	3.55	4.2	0.238	0	356.8	194.32	96.35	526.86	54.55	0.28072252	0.25	74.75400008	6.040814526
Speaker10.txt	7	0.159582352	0.146977727	0.921014918	2.451221516	0.012859707	0.168180289	1290	14	356.8	351.78	3.62	3.67	0.273	0	356.8	198.67	96.22	532.76	52.45	0.264005637	2.25	75.51741003	6.344543032
Speaker10.txt	8	0.149215905	0.12938088	0.867071646	2.510549065	0.013398342	0.168180289	1234	45	356.8	339.46	3.46	3.64	0.275	0	356.8	189.74	93.29	524.49	44.9	0.236639612	6.25	75.00959549	6.220559782
Speaker10.txt	9	0.186461881	0.150716617	0.808297202	2.370737955	0.01289128	0.672721157	1344	100	356.8	308.21	3.77	4.36	0.229	0	356.8	197.83	89.31	528.85	51.5	0.260324521	12.25	75.13017159	6.038845843
Speaker10.txt	10	0.12581031	0.082572352	0.656324208	0.994198609	0.015236883	0.168199148	1324	0	356.73	356.73	3.71	3.71	0.269	0	356.726531	189.95	97.73	519.02	42.68	0.224690708	20.25	74.07713577	5.702638345
Speaker11.txt	1	0.355559802	0.281684764	0.792228937	2.776532437	0.007754226	1.716465353	1292	56	314.6	286.28	4.11	4.51	0.222	0	314.6	153.43	69.49	424.34	53.42	0.348171805	20.25	78.21924535	7.414958883
Speaker11.txt	2	0.326092737	0.241799605	0.741505645	2.693384298	0.01738551	0.190694127	1274	67	314.6	278.5	4.05	4.57	0.219	0	314.6	151.35	71.86	419.01	53.29	0.352097787	12.25	77.99098227	7.715306888
Speaker11.txt	3	0.372183101	0.291199019	0.782407956	3.516016825	0.00703482	0.762776506	1286	69	314.6	274.6	4.09	4.68	0.214	0	314.6	147.77	65.1	427.45	53.21	0.360086621	6.25	77.8410776	7.822618707
Speaker11.txt	4	0.321724631	0.30636118	0.952246584	4.851571235	0.008033749	1.71624714	1218	84	314.6	261.96	3.87	4.65	0.215	0	314.6	150.93	63.14	430.86	51.59	0.341814086	2.25	77.76818765	8.054666168
Speaker11.txt	5	0.311734333	0.280445762	0.899630655	4.640226105	0.009603957	1.525553013	1248	72	314.6	265.5	3.97	4.7	0.213	0	314.6	160.93	68.18	424.14	52.04	0.323370409	0.25	78.08287625	8.012885525
Speaker11.txt	6	0.366357024	0.301075349	0.821808588	3.970141397	0.016372968	0.762776506	1240	75	314.6	270.46	3.94	4.58	0.218	0	314.6	150.74	57.85	421.57	50.92	0.337800186	0.25	77.87264438	7.979338244
Speaker11.txt	7	0.324206181	0.287246606	0.885999782	2.304664892	0.009294757	0.381388253	1249	94	314.6	262.73	3.97	4.75	0.21	0	314.6	150.08	66.45	433.22	53.66	0.357542644	2.25	77.66932079	8.132321048
Speaker11.txt	8	0.358009304	0.302040001	0.843665227	2.540482079	0.009647626	1.71624714	1273	65	314.6	277.74	4.05	4.58	0.218	0	314.6	153.3	67.13	415.75	52.28	0.341030659	6.25	78.06005155	7.820130752
Speaker11.txt	9	0.354409981	0.277096275	0.781852346	2.981455935	0.008955807	0.57208238	1259	69	314.6	271.51	4	4.64	0.216	0	314.6	147.07	74.03	418.22	49.15	0.334194601	12.25	77.51477856	7.958628721
Speaker11.txt	10	0.325250488	0.25897994	0.796247661	2.233047398	0.010939923	1.52574698	1211	100	314.6	251.67	3.85	4.81	0.208	0	314.6	150.9	68.49	431.43	54.62	0.361961564	20.25	77.39511842	8.276965274
Speaker12.txt	1	0.266321654	0.227989469	0.856068087	2.145635344	0.008686273	1.108998733	1196	161	378.7	294.28	3.16	4.06	0.246	0	378.7	166.55	65.67	399.6	35.8	0.214950465	20.25	71.60611483	9.183213497
Speaker12.txt	2	0.267239768	0.207853188	0.777777907	2.462855153	0.009711517	0.950469955	1168	167	378.7	282.64	3.08	4.13	0.242	0	378.7	166.42	66.01	398.45	41.26	0.247926932	12.25	71.94035692	9.406581581
Speaker12.txt	3	0.337988789	0.291700039	0.863046496	3.559440648	0.017344057	1.108881614	1087	163	378.7	272.47	2.87	3.99	0.251	0	378.7	166.2	65.12	417.18	47.22	0.284115523	6.25	71.87331236	9.036119537
Speaker12.txt	4	0.279241891	0.247797071	0.887392183	3.157985907	0.020334212	1.267293273	1210	145	378.7	295.45	3.2	4.1	0.244	0	378.7	155.72	65.94	399.69	45.99	0.295337786	2.25	72.09192686	8.419381907
Speaker12.txt	5	0.176976645	0.118965326	0.672209185	1.57896776	0.009703042	0.792058295	1227	125	378.7	297.23	3.24	4.13	0.242	0	378.7	152	65.73	397.87	47.67	0.313618421	0.25	71.72212363	8.085176846
Speaker12.txt	6	0.16528503	0.114149492	0.690622085	0.994779378	0.00459833	0.158411659	1278	98	378.7	325.48	3.37	3.93	0.255	0	378.7	159.82	65.98	402.83	54.68	0.342134902	0.25	73.2266609	8.04804822
Speaker12.txt	7	0.199944112	0.148311184	0.741763198	1.294363197	0.009213128	0.950469955	1262	93	378.7	328.99	3.33	3.84	0.261	0	378.7	147.82	65.1	414.06	52.87	0.357664727	2.25	72.90871716	7.76769431
Speaker12.txt	8	0.191722757	0.146644636	0.764878615	1.517871272	0.007639278	1.108881614	1256	104	378.7	325.61	3.32	3.86	0.259	0	378.7	146.8	65.76	399.48	55.63	0.378950954	6.25	72.98615985	7.661952785
Speaker12.txt	9	0.172582328	0.116403397	0.674480393	1.157732909	0.009554701	1.267293273	1314	83	378.7	335.88	3.47	3.91	0.256	0	378.7	144.9	65.35	394.81	53.49	0.369151139	12.25	72.66291583	7.497034176
Speaker12.txt	10	0.179447349	0.126558236	0.705266679	1.273140522	0.008891789	0.950570342	1282	93	378.82	331.06	3.38	3.87	0.258	0	378.82	138.17	65.41	404.04	55.16	0.399218354	20.25	72.96455072	7.549296173
Speaker13.txt	1	0.114288611	0.108821487	0.952163873	2.413640551	0.0069538	1.578947368	1155	158	342.9	248.15	3.37	4.65	0.215	0	342.9	147.36	66.23	421.48	52.91	0.35905266	20.25	75.3548929	7.849484198
Speaker13.txt	2	0.124737396	0.126156251	1.011374736	1.876571199	0.004208531	1.578762718	1164	144	342.9	250.39	3.39	4.65	0.215	0	342.9	150.93	67.05	421.66	57.68	0.382163917	12.25	75.35528702	7.863413279
Speaker13.txt	3	0.137356606	0.154532371	1.125045061	2.437105251	0.004196963	1.227926558	1115	140	342.9	227.28	3.25	4.91	0.204	0	342.9	156.9	70.85	421.16	58.75	0.37444232	6.25	75.56397043	8.576368894
Speaker13.txt	4	0.172003016	0.176784598	1.027799407	3.010871157	0.003327889	0.877090399	1051	153	342.9	219.3	3.07	4.79	0.209	0	342.9	153.36	67.23	421.69	53.74	0.350417319	2.25	75.93491245	8.484282304
Speaker13.txt	5	0.145398261	0.141370215	0.972296464	1.757108891	0.007069214	0.17541808	1104	163	342.9	219.41	3.22	5.03	0.199	0	342.9	153.64	68.24	428.07	57.18	0.372168706	0.25	75.5811845	8.409730147
Speaker13.txt	6	0.158410851	0.165567622	1.04517854	2.339839018	0.003810705	1.227926558	1111	156	342.9	221.01	3.24	5.03	0.199	0	342.9	157.5	70.4	427.93	57.99	0.368190476	0.25	75.898998	8.481504778
Speaker13.txt	7	0.15291359	0.171769251	1.123309251	3.163857108	0.006421641	2.105016957	1102	140	342.9	225.47	3.21	4.89	0.205	0	342.9	150.75	63.97	420.26	47.3	0.313764511	2.25	74.81974188	8.026675543
Speaker13.txt	8	0.167285858	0.16798557	1.004182734	2.31141094	0.005614563	1.403344638	1090	159	342.9	217.91	3.18	5	0.2	0	342.9	151.88	67.49	426.02	51.74	0.340663682	6.25	74.76502472	7.991008688
Speaker13.txt	9	0.143413208	0.160173493	1.1168671	2.521027381	0.005678295	1.578762718	1107	137	342.9	232.83	3.23	4.75	0.21	0	342.9	154.16	68.59	421.76	50.67	0.328684484	12.25	74.60938356	7.845879473
Speaker13.txt	10	0.13323851	0.1265194	0.949570813	1.894559756	0.006590377	0.701754386	1132	160	343.34	240.2	3.3	4.71	0.212	0	343.34	150.42	71.77	428.52	56.34	0.374551256	20.25	74.79689753	7.783560175
Speaker14.txt	1	0.214841302	0.236564731	1.101113842	6.425900266	0.011373199	0.498946668	1278	90	360.8	311.98	3.54	4.1	0.244	0	360.8	155.83	67.23	399.58	37.51	0.240711031	20.25	73.06905967	8.801642754
Speaker14.txt	2	0.273556769	0.269176528	0.983987819	2.528978881	0.012253482	0.831485588	1280	84	360.8	313.04	3.55	4.09	0.245	0	360.8	161.24	66.55	416.4	41.99	0.260419251	12.25	73.80923157	8.931429449
Speaker14.txt	3	0.208762121	0.225008118	1.077820616	5.407509148	0.006525084	0.166297118	1317	69	360.8	321.82	3.65	4.09	0.244	0	360.8	163.52	67.01	412.11	41.14	0.25159002	6.25	73.65385615	8.681474372
Speaker14.txt	4	0.208823446	0.218929334	1.048394413	6.710197906	0.008410548	0.831485588	1289	81	360.8	313.5	3.57	4.11	0.243	0	360.8	169.68	67.17	421.61	42.2	0.248703442	2.25	74.01819845	8.878886602
Speaker14.txt	5	0.199260089	0.198563262	0.996502924	3.214942557	0.011611479	0.166297118	1328	76	360.8	321.06	3.68	4.14	0.242	0	360.8	161.12	69.88	416.4	39.38	0.244414101	0.25	73.76917742	8.348768677
Speaker14.txt	6	0.190788072	0.193376884	1.013569045	2.137064312	0.009557909	0.166297118	1283	87	360.8	314.72	3.56	4.08	0.245	0	360.8	161.63	64.43	413.85	40.84	0.252675865	0.25	73.08984684	8.714347454
Speaker14.txt	7	0.17999	0.178364452	0.990968676	3.900788525	0.012424124	0.831485588	1321	91	360.8	314.7	3.66	4.2	0.238	0	360.8	163.21	67.89	399.06	41.79	0.256050487	2.25	73.46417799	8.666809835
Speaker14.txt	8	0.172904963	0.16629369	0.961763541	2.9764278	0.012033715	1.33037694	1349	77	360.8	319.89	3.74	4.22	0.237	0	360.8	164.8	70.78	415.32	37.96	0.230339806	6.25	73.47816399	8.560164364
Speaker14.txt	9	0.170025936	0.179127416	1.05352995	3.320582708	0.008578334	0.66518847	1239	108	360.8	295.78	3.43	4.19	0.239	0	360.8	163.1	66.95	399.32	38.59	0.236603311	12.25	72.76486839	8.647964692
Speaker14.txt	10	0.151219711	0.152888566	1.011035962	2.124931783	0.005030057	0.332631112	1250	105	360.32	295.04	3.47	4.24	0.236	0	360.323016	158.05	67.18	419.53	42.19	0.266940842	20.25	72.42238113	8.696404934
Speaker15.txt	1	0.277678195	0.221679464	0.798332271	2.3986185	0.023956119	0.338791643	1280	66	355.1	315.95	3.6	4.05	0.247	0	355.1	140.86	66.78	430.39	44.55	0.316271475	20.25	75.55127459	9.057778637
Speaker15.txt	2	0.29325285	0.221887809	0.756643317	2.118153916	0.030894227	0.846883469	1300	78	355.1	310.25	3.66	4.19	0.239	0	355.1	142.54	66.3	429.15	46.27	0.324610636	12.25	75.72938149	9.365942192
Speaker15.txt	3	0.281665222	0.211691402	0.751570961	2.652184937	0.023914991	1.524390244	1280	84	355.1	303.88	3.6	4.21	0.237	0	355.1	134.83	68.06	414.66	38.9	0.288511459	6.25	75.17455119	9.15886087
Speaker15.txt	4	0.259384501	0.227662576	0.877703082	3.22992025	0.014144986	1.016260163	1329	85	355.1	310.6	3.74	4.28	0.234	0	355.1	136.36	66.82	415.22	38.89	0.285200939	2.25	75.46495183	8.472740617
Speaker15.txt	5	0.263716196	0.210294969	0.797429099	2.154456799	0.014617878	0.846883469	1273	78	355.1	309.87	3.58	4.11	0.243	0	355.1	129.66	66.7	414.54	39	0.300786673	0.25	75.06355196	8.348009358
Speaker15.txt	6	0.299862768	0.283896859	0.946755948	4.295234581	0.01041064	1.016260163	1245	64	355.1	318.01	3.51	3.91	0.255	0	355.1	129.38	63.42	398.41	34.64	0.267738445	0.25	75.32876722	8.026582646
Speaker15.txt	7	0.319718015	0.256962358	0.803715607	2.680661316	0.001804003	1.185636856	1268	53	355.1	324	3.57	3.91	0.256	0	355.1	125.3	66.11	415.41	35.84	0.28603352	2.25	75.20893999	7.516949648
Speaker15.txt	8	0.277930915	0.308259707	1.109123491	4.028487875	0.002080677	0.169376694	1248	19	355.1	346.33	3.51	3.6	0.278	0	355.1	123.77	66.52	418.25	34.87	0.281732245	6.25	75.58196593	7.453672439
Speaker15.txt	9	0.317198384	0.313843167	0.989422339	3.682718699	0.000151476	1.693766938	1214	60	355.1	318.17	3.42	3.82	0.262	0	355.1	125.68	66.8	399.81	35.58	0.283099936	12.25	74.84488255	7.48761742
Speaker15.txt	10	0.289169733	0.300975979	1.040828086	3.910262015	0	0.846979108	1193	0	354.62	354.62	3.36	3.36	0.297	0	354.62	120.01	66.47	398.99	32.58	0.271477377	20.25	74.8686196	7.023761692
Speaker16.txt	1	0.243873109	0.320949949	1.31605305	3.774848036	0.007277317	0.600240096	675	68	199	163.56	3.39	4.13	0.242	0	199	144.78	71.32	399.46	43.87	0.303011466	20.25	72.68491997	9.355403759
Speaker16.txt	2	0.271780985	0.313106894	1.152055925	4.199518811	0.00678016	0.300060012	659	73	199	157.46	3.31	4.19	0.239	0	199	147.25	68.73	398.09	39.38	0.267436333	12.25	72.86696997	9.8039133
Speaker16.txt	3	0.262973438	0.29997538	1.140706007	3.322481359	0.007155678	0.900180036	696	56	199	163.34	3.5	4.26	0.235	0	199	147.92	72.04	405.62	43.78	0.295970795	6.25	72.97036844	9.484932751
Speaker16.txt	4	0.236093074	0.270704708	1.146601648	2.895371213	0.003120636	0.300060012	602	82	199	143.73	3.03	4.19	0.239	0	199	152.42	71.86	416.55	52.22	0.342605957	2.25	71.48736391	9.045535513
Speaker16.txt	5	0.286815363	0.362997801	1.265614915	5.24505653	0.00728047	0.900180036	679	68	199	162.55	3.41	4.18	0.239	0	199	138.62	71.3	411.6	38.31	0.276367047	0.25	72.33389474	9.176290828
Speaker16.txt	6	0.272555178	0.316836516	1.162467427	3.668695825	0.008647898	1.50030006	699	57	199	167	3.51	4.19	0.239	0	199	147.68	68.01	419.47	43.51	0.29462351	0.25	72.6166198	9.392058395
Speaker16.txt	7	0.257019492	0.288959548	1.124270949	2.672158229	0.007613404	1.200240048	694	73	199	159.57	3.49	4.35	0.23	0	199	142.57	72.02	418.25	43.63	0.30602511	2.25	71.96936971	9.301517256
Speaker16.txt	8	0.26743767	0.295614213	1.105357419	3.170432957	0.006541067	0.600120024	703	61	199	170.93	3.53	4.11	0.243	0	199	140.2	75.24	420.08	43.28	0.308701854	6.25	72.47867935	8.997338568
Speaker16.txt	9	0.207806681	0.240766364	1.158607425	3.067915433	0.008542302	0.900180036	722	65	199	165.78	3.63	4.36	0.23	0	199	143.23	67.24	413.12	44.32	0.309432381	12.25	71.9526337	8.945177005
Speaker16.txt	10	0.260395973	0.301524287	1.157945279	4.294364558	0.004001194	1.800720288	672	71	199.01	160.45	3.38	4.19	0.239	0	199.012018	138.53	68.3	429.07	40.08	0.289323612	20.25	71.60060728	9.144841622
Speaker17.txt	1	0.154762314	0.126247612	0.815751645	1.47068516	0.002160911	1.294219154	1213	66	370.9	308.92	3.27	3.93	0.255	0	370.9	177.52	67.12	422.82	54.01	0.304247409	20.25	70.79791027	9.110214802
Speaker17.txt	2	0.185953999	0.160177441	0.86138207	1.545467576	0.001630344	0.647039793	1324	67	370.9	312.9	3.57	4.23	0.236	0	370.9	175.6	66.35	421.99	51.97	0.29595672	12.25	71.34417267	8.967541614
Speaker17.txt	3	0.20726357	0.175727299	0.847844602	1.927808613	0.001508591	1.779359431	1322	61	370.9	328	3.56	4.03	0.248	0	370.9	171.96	67.75	423.2	49.69	0.288962549	6.25	71.74427764	8.490902127
Speaker17.txt	4	0.194079974	0.229771506	1.183901157	14.14233317	0	2.588159172	1355	80	370.9	320.9	3.65	4.22	0.237	0	370.9	183.26	69.88	421.98	54.86	0.299356106	2.25	71.68969798	9.278831169
Speaker17.txt	5	0.190490927	0.17511477	0.919281419	2.421707753	0.00255041	1.294079586	1362	70	370.9	324.76	3.67	4.19	0.238	0	370.9	180.66	69.98	427.32	53.7	0.297243441	0.25	71.64365511	8.889847817
Speaker17.txt	6	0.19760361	0.181603747	0.919030511	2.09806178	3.45E-05	0.485279845	1297	72	370.9	321.86	3.5	4.03	0.248	0	370.9	182.75	68.6	429.59	50.29	0.275184679	0.25	71.56335573	8.737175424
Speaker17.txt	7	0.172135454	0.156270933	0.907836992	2.23617118	0	1.132319638	1294	83	370.9	312.08	3.49	4.15	0.241	0	370.9	185.51	68.16	423.75	51.75	0.278960703	2.25	71.27873411	9.453149183
Speaker17.txt	8	0.182204336	0.16987182	0.932314915	2.008977711	0.001048953	0.808799741	1245	98	370.9	304.2	3.36	4.09	0.244	0	370.9	179.36	64.53	420.18	49.33	0.275033452	6.25	70.80083854	9.324981397
Speaker17.txt	9	0.188005478	0.155407077	0.826609302	1.855448163	0.005211778	0.808799741	1321	82	370.9	318.18	3.56	4.15	0.241	0	370.9	184.7	66.39	422.57	54.47	0.294910666	12.25	71.28236007	9.065638988
Speaker17.txt	10	0.186129137	0.172869457	0.928760858	2.285003918	0.003194715	0.970664366	1322	86	371.1	319.32	3.56	4.14	0.242	0	371.1	186.38	63.22	420.67	50.56	0.271273742	20.25	71.24584968	8.876057901
Speaker18.txt	1	0.551167552	0.479151258	0.869338654	7.061324925	0.023131447	1.733102253	1797	186	484.6	388.76	3.71	4.62	0.216	0	484.6	202.75	68.57	419.88	65.68	0.323945746	20.25	76.50635486	8.220953257
Speaker18.txt	2	0.476676867	0.482974088	1.01321067	6.424942538	0.01057969	1.237828024	1769	193	484.6	370.66	3.65	4.77	0.21	0	484.6	190.05	67.25	422.69	67.49	0.355117074	12.25	76.48108133	8.291708023
Speaker18.txt	3	0.427701722	0.39839123	0.931469782	5.15576145	0.018406996	0.866479617	1766	200	484.6	378.42	3.64	4.67	0.214	0	484.6	186.27	66.4	417.66	63.92	0.343157782	6.25	76.02482367	7.86560572
Speaker18.txt	4	0.345290246	0.390990674	1.132353659	10.11377583	0.006878893	0.247565605	1623	198	484.6	369.96	3.35	4.39	0.228	0	484.6	174.61	63.16	430.02	68.97	0.394994559	2.25	75.80435667	7.879219289
Speaker18.txt	5	0.422999992	0.399976666	0.945571333	4.742641738	0.012160698	1.485393629	1825	179	484.6	392.5	3.77	4.65	0.215	0	484.6	186.63	64.13	429.51	63.67	0.341156299	0.25	76.22105832	7.994332852
Speaker18.txt	6	0.404281562	0.428894584	1.060880892	5.402964453	0.007633025	1.485393629	1818	152	484.6	402.33	3.75	4.52	0.221	0	484.6	181.4	67.54	421.62	66.02	0.363947078	0.25	76.24245294	7.957195055
Speaker18.txt	7	0.315022688	0.314502663	0.998349246	3.584424789	0.010930047	0.49513121	1630	214	484.6	361.51	3.36	4.51	0.222	0	484.6	177.13	65.91	419.51	64.33	0.363179586	2.25	75.25291552	7.732848801
Speaker18.txt	8	0.39233881	0.383063657	0.97635933	4.805003106	0.012066278	0.742696815	1814	190	484.6	385.24	3.74	4.71	0.212	0	484.6	180.38	68.13	420.54	64.53	0.357744761	6.25	76.01746261	8.06418109
Speaker18.txt	9	0.373262411	0.433796765	1.1621764	6.142084546	0.005606462	1.485393629	1644	193	484.6	357.52	3.39	4.6	0.217	0	484.6	180.05	66.41	425.11	63.5	0.352679811	12.25	75.82180736	8.552999455
Speaker18.txt	10	0.318757431	0.328329573	1.03002955	4.95201365	0.012924884	0.866551127	1678	201	485	375.16	3.46	4.47	0.224	0	485	176.71	69.94	428.13	65	0.367834305	20.25	75.3689633	7.759334536
Speaker19.txt	1	0.197739855	0.164747945	0.83315498	1.749410364	0.003098572	0.602591142	1212	151	396.8	302.32	3.05	4.01	0.249	0	396.8	136.14	72.14	422.41	56.03	0.411561628	20.25	72.67214667	9.769538595
Speaker19.txt	2	0.220043551	0.211799459	0.962534271	4.837659805	0.002409417	0.903795943	1259	122	396.8	311.7	3.17	4.04	0.248	0	396.8	137.83	70.89	419.17	58.4	0.423710368	12.25	72.79257219	9.757314551
Speaker19.txt	3	0.205141838	0.16677535	0.812975801	1.985436882	0.001079192	0.150632657	1251	139	396.8	304.29	3.15	4.11	0.243	0	396.8	140.22	70.62	407.54	57.3	0.40864356	6.25	72.6207717	9.70267205
Speaker19.txt	4	0.240601331	0.194141339	0.806900519	2.5627778	0.000494091	0.150632657	1191	126	396.8	288.64	3	4.13	0.242	0	396.8	139.93	70.07	418.6	54.19	0.387265061	2.25	72.68764892	10.26941208
Speaker19.txt	5	0.193237705	0.189651114	0.981439489	1.902006886	0.000768432	0.150632657	1208	133	396.8	282.3	3.04	4.28	0.234	0	396.8	135.76	72.05	399.87	51.67	0.380598114	0.25	71.42123504	9.686164258
Speaker19.txt	6	0.21082661	0.187085706	0.887391333	2.29386151	0.001760495	0.150632657	1322	132	396.8	304.06	3.33	4.35	0.23	0	396.8	139.19	67.41	414.1	54.52	0.391694806	0.25	72.19493414	9.57566356
Speaker19.txt	7	0.190729329	0.180128318	0.944418559	7.964547902	0.000328263	0.150632657	1181	137	396.8	281.79	2.98	4.19	0.239	0	396.8	132.15	61.66	428.39	51.55	0.390087022	2.25	71.20314208	9.678775687
Speaker19.txt	8	0.162111357	0.165522311	1.021040811	2.010629035	0.001257768	1.807591886	1273	125	396.8	301.73	3.21	4.22	0.237	0	396.8	136.89	71.4	416.57	51.23	0.374242092	6.25	71.85247876	9.567074882
Speaker19.txt	9	0.221186346	0.185618601	0.839195567	2.090082215	0.004647527	0.150632657	1305	121	396.8	299.12	3.29	4.36	0.229	0	396.8	148.99	71.88	402.06	54.83	0.368011276	12.25	72.58129883	9.948871678
Speaker19.txt	10	0.18150065	0.166773923	0.918861298	6.840489342	0.000870125	0.150647785	1273	123	396.52	287.36	3.21	4.43	0.226	0	396.52	145.53	65.99	417.4	54.7	0.375867519	20.25	72.13067099	10.05434335
Speaker20.txt	1	0.387684841	0.285053405	0.735270958	3.400224059	0.027074848	1.674314771	1163	76	322	262.35	3.61	4.43	0.226	0	322	264.32	96.72	524.85	60.34	0.228283898	20.25	73.4850412	9.758254057
Speaker20.txt	2	0.433794364	0.303545984	0.699746259	3.624383794	0.018109124	1.860119048	1111	89	322	261.3	3.45	4.25	0.235	0	322	263.15	91.7	525.18	62.73	0.238381151	12.25	73.69590919	10.21200976
Speaker20.txt	3	0.443329516	0.322082774	0.726508754	4.002867222	0.022919383	2.046130952	1148	86	322	262.83	3.57	4.37	0.229	0	322	273.51	94	529.48	61.98	0.22660963	6.25	74.34298644	10.38456225
Speaker20.txt	4	0.442902821	0.3153381	0.711980337	3.080847376	0.01900788	0.186011905	1155	81	322	270.94	3.59	4.26	0.235	0	322	270.34	99.69	530.16	60.33	0.223163424	2.25	74.30884944	10.13010984
Speaker20.txt	5	0.488570683	0.33996852	0.695843061	3.400665878	0.05478167	1.116071429	1109	85	322	263.18	3.44	4.21	0.237	0	322	258.54	89.31	526.45	55.29	0.213854723	0.25	73.5451145	10.07421468
Speaker20.txt	6	0.41728735	0.315478885	0.756023121	3.294294717	0.022376817	1.116071429	1164	90	322	263.79	3.61	4.41	0.227	0	322	269.28	88.51	528.91	57.59	0.213866607	0.25	74.05032022	10.07637382
Speaker20.txt	7	0.403455916	0.271485377	0.672899729	2.82404599	0.035251285	1.674107143	1146	82	322	265.79	3.56	4.31	0.232	0	322	266.89	88.06	517.52	53.63	0.200944209	2.25	73.74152336	9.909905692
Speaker20.txt	8	0.407683641	0.303678549	0.744887748	2.748721257	0.030058219	1.860119048	1189	89	322	267.58	3.69	4.44	0.225	0	322	272.35	94	529.74	57.4	0.210758216	6.25	74.24968886	9.96676127
Speaker20.txt	9	0.392922236	0.304679247	0.775418695	2.941162503	0.008379974	2.232142857	1104	95	322	267.71	3.43	4.12	0.242	0	322	264.89	100.02	514.67	50.53	0.190758428	12.25	73.97161187	10.1299002
Speaker20.txt	10	0.433203242	0.340098245	0.785077792	3.045215737	0.001464379	0.558104924	1119	93	322	260.19	3.48	4.3	0.233	0	322.00102	257.15	88.46	518.43	46.94	0.182539374	20.25	73.33302156	10.1693582
Speaker21.txt	1	0.209618184	0.197442522	0.94191505	4.553913385	0.017726806	1.197126895	931	66	250.3	218.78	3.72	4.26	0.235	0	250.3	191.79	95.35	524.33	54.93	0.286407008	20.25	70.92302079	8.103630808
Speaker21.txt	2	0.195988899	0.157218079	0.802178488	1.676999445	0.007927875	1.196935844	951	65	250.3	221.59	3.8	4.29	0.233	0	250.3	190.65	89.28	516.67	56.42	0.295934959	12.25	70.73161908	8.196655277
Speaker21.txt	3	0.21984778	0.182542416	0.830312755	1.864939253	0.005732376	1.436323013	951	72	250.3	219.09	3.8	4.34	0.23	0	250.3	190.74	97.93	530.63	60.16	0.315403167	6.25	70.66084517	8.2828851
Speaker21.txt	4	0.20188848	0.171775671	0.850844341	2.331363849	0.00445947	1.196935844	895	72	250.3	214.3	3.58	4.18	0.239	0	250.3	184.17	97.4	538.11	61.1	0.331758701	2.25	69.47826588	8.138070957
Speaker21.txt	5	0.18991866	0.15479863	0.81507857	1.832840735	0.008936762	1.675710182	934	67	250.3	219.84	3.73	4.25	0.235	0	250.3	181.55	99.34	525.08	60.95	0.335720187	0.25	68.55823884	7.60337735
Speaker21.txt	6	0.199707343	0.168738837	0.844930558	2.18542516	0.005959161	1.915097351	853	75	250.3	212.16	3.41	4.02	0.249	0	250.3	185.04	88.71	521.79	71.5	0.38640294	0.25	69.02287388	7.714574033
Speaker21.txt	7	0.158716678	0.128860784	0.811891892	1.667533127	0.008482404	0.718161507	874	77	250.3	213.12	3.49	4.1	0.244	0	250.3	178.51	95.63	512.98	66.3	0.371407764	2.25	68.5344831	7.652251374
Speaker21.txt	8	0.160306757	0.131939372	0.823043111	1.409196564	0.00479652	0.478774338	849	63	250.3	212.4	3.39	4	0.25	0	250.3	179.42	91.28	522.01	64.69	0.360550663	6.25	67.9809839	8.039182054
Speaker21.txt	9	0.159474388	0.133344699	0.83615119	1.601745726	0.009085127	0.478774338	894	69	250.3	217.23	3.57	4.12	0.243	0	250.3	177.63	96.75	501.7	59.58	0.335416315	12.25	68.31479587	7.707089792
Speaker21.txt	10	0.140265707	0.113114063	0.806427071	1.252627539	0.011350739	0.239425379	834	78	249.9	214.17	3.34	3.89	0.257	0	249.9	174.42	88.04	501.47	67.99	0.389806215	20.25	66.81074613	6.945680486
Speaker22.txt	1	0.146145783	0.090824523	0.621465228	0.973895171	0.007989851	1.172791243	1210	0	467	467	2.59	2.59	0.386	0	467	237.33	87.95	520.47	79.65	0.335608646	20.25	69.04891873	3.44521443
Speaker22.txt	2	0.137782917	0.096522529	0.700540613	1.085975295	0.003630502	1.563585823	1280	0	467	467	2.74	2.74	0.365	0	467	240.14	89.73	529.22	82.21	0.342341967	12.25	69.77669901	4.258783078
Speaker22.txt	3	0.185180014	0.128431634	0.693550192	1.34609163	0.007072329	0.130298819	1189	0	467	467	2.55	2.55	0.393	0	467	235.6	88.35	510.06	68.41	0.290365025	6.25	68.38707601	3.461384895
Speaker22.txt	4	0.157169276	0.127008329	0.808098966	1.608544019	0.007543615	1.302988186	1170	0	467	467	2.51	2.51	0.399	0	467	240.78	89.53	529.81	73.17	0.303887366	2.25	69.59843431	3.766782582
Speaker22.txt	5	0.158009495	0.112982428	0.715035688	1.683714204	0.006139778	1.433287005	1143	0	467	467	2.45	2.45	0.409	0	467	229.64	88.61	520.2	61.8	0.269116879	0.25	68.46190756	3.671760594
Speaker22.txt	6	0.159978018	0.131114718	0.819579591	1.690759328	0.008771685	1.563585823	1240	0	467	467	2.66	2.66	0.377	0	467	227.61	89.59	528.07	55.73	0.244848645	0.25	68.00268469	3.869699658
Speaker22.txt	7	0.173812037	0.137715408	0.792323767	1.713117499	0.008245192	1.693884642	1188	0	467	467	2.54	2.54	0.393	0	467	233.59	89.64	529.87	59.31	0.253906417	2.25	68.83752609	3.78665309
Speaker22.txt	8	0.130546298	0.110857779	0.849183631	1.340896561	0.006495303	0.91209173	1170	0	467	467	2.51	2.51	0.399	0	467	214.57	89.15	515.93	76.89	0.358344596	6.25	69.28158095	3.708871947
Speaker22.txt	9	0.152110156	0.11588997	0.761881875	1.355280436	0.005909888	0.260597637	1137	0	467	467	2.43	2.43	0.411	0	467	229.84	88.53	515.37	63.5	0.276279151	12.25	67.95527963	3.40217467
Speaker22.txt	10	0.153282786	0.126131589	0.822868587	1.588892474	0.00189453	2.08496221	1205	0	467.21	467.21	2.58	2.58	0.388	0	467.214014	231.05	90.7	504.06	57.28	0.247911707	20.25	67.8295254	3.732354918
Speaker23.txt	1	0.162013109	0.169313702	1.045061743	3.845578786	0.019388694	0.922395769	1175	89	341.1	287.93	3.44	4.08	0.245	0	341.1	149.7	66.75	412.16	47.98	0.320507682	20.25	73.09269484	9.895521518
Speaker23.txt	2	0.209613613	0.170351579	0.812693299	2.025002491	0.018643462	0.184456468	1247	93	341.1	277.31	3.66	4.5	0.222	0	341.1	154.45	69.12	419.21	51.23	0.331693105	12.25	73.29372812	10.3634753
Speaker23.txt	3	0.232581116	0.296637837	1.275416689	11.40893951	0.012832044	0.184456468	1259	100	341.1	273.77	3.69	4.6	0.217	0	341.1	155.18	60.57	415	47.93	0.308867122	6.25	72.56462291	10.37083619
Speaker23.txt	4	0.224877513	0.187613807	0.834293321	2.844597151	0.006172436	1.10673881	1137	124	341.1	265.23	3.33	4.29	0.233	0	341.1	152.67	70.23	417.9	46.21	0.302678981	2.25	73.17179297	10.80583112
Speaker23.txt	5	0.204973985	0.145905118	0.711822615	1.544435509	0.0069209	1.10673881	1198	99	341.1	277.37	3.51	4.32	0.232	0	341.1	149.28	68.33	400	46.97	0.314643623	0.25	73.34314143	10.47171472
Speaker23.txt	6	0.271481525	0.255094276	0.939637702	3.152821088	0.012537283	0.368912937	1209	111	341.1	261.44	3.54	4.62	0.216	0	341.1	149.03	66.32	415.14	46.79	0.313963631	0.25	72.75794746	10.95450984
Speaker23.txt	7	0.238133019	0.239259379	1.004729965	3.853467135	0.006916985	0.737825873	1141	116	341.1	245.56	3.35	4.65	0.215	0	341.1	158.43	67.87	408.83	50.33	0.317679732	2.25	72.96991718	11.61686544
Speaker23.txt	8	0.24340869	0.206458562	0.848197168	2.027145078	0.014024956	0.184456468	1125	121	341.1	240.48	3.3	4.68	0.214	0	341.1	164.39	68.92	415.53	49.28	0.299774925	6.25	72.94500442	11.58836478
Speaker23.txt	9	0.21683114	0.166943279	0.769922987	1.819349672	0.011944094	0.184456468	1153	111	341.1	255.85	3.38	4.51	0.222	0	341.1	159.3	69.16	410.64	46.85	0.294099184	12.25	73.264611	11.30384022
Speaker23.txt	10	0.187152591	0.117290145	0.626708632	1.125264125	0.013525833	0.184479154	1136	117	341.55	245.35	3.33	4.63	0.216	0	341.546667	157.43	68.74	421.78	51.02	0.324080544	20.25	72.62576769	11.39419636
Speaker24.txt	1	0.345258959	0.308089653	0.892343688	4.266397908	0.008952515	0.984574992	1011	119	365.7	282.66	2.76	3.58	0.28	0	365.7	133.56	70.6	405.11	37.16	0.278227014	20.25	73.11769497	9.522788408
Speaker24.txt	2	0.311474664	0.2855451	0.916752255	2.731258555	0.007324923	1.640778823	986	127	365.7	255.57	2.7	3.86	0.259	0	365.7	130.44	69.17	405.99	35.63	0.273152407	12.25	71.65967398	9.796891004
Speaker24.txt	3	0.265882383	0.272917365	1.026459002	3.402205591	0.002803183	1.804856705	908	139	365.7	251.71	2.48	3.61	0.277	0	365.7	126.67	66.07	420.05	35.25	0.27828215	6.25	70.67571635	8.980283057
Speaker24.txt	4	0.382690397	0.342631607	0.895323241	3.422371998	0.004586878	1.640778823	954	150	365.7	256.61	2.61	3.72	0.269	0	365.7	135.03	75.07	397.97	39.28	0.290898319	2.25	72.04032077	9.799223108
Speaker24.txt	5	0.308791948	0.29862443	0.967073241	3.438535257	0.005093832	1.312623058	992	125	365.7	257.2	2.71	3.86	0.259	0	365.7	131.54	73.35	403.58	35.31	0.268435457	0.25	71.70182324	9.751375241
Speaker24.txt	6	0.330988439	0.341718686	1.032418796	4.186087558	0.005585595	1.312623058	986	131	365.7	256.07	2.7	3.85	0.26	0	365.7	135.82	72.34	416.81	39.54	0.291120601	0.25	71.84367991	9.979914262
Speaker24.txt	7	0.298217408	0.308401605	1.034150243	3.558442369	0.007803423	1.476700941	996	135	365.7	257.04	2.72	3.87	0.258	0	365.7	134.09	70.79	400.08	33.42	0.249235588	2.25	71.85591623	10.02120256
Speaker24.txt	8	0.262726011	0.257756856	0.981086171	2.733527762	0.007713387	1.968934588	952	141	365.7	247.92	2.6	3.84	0.26	0	365.7	128.96	67.5	405.77	31.62	0.245192308	6.25	71.31299271	9.593603514
Speaker24.txt	9	0.291897052	0.300108015	1.028129655	3.808440069	0.01020804	1.476700941	955	147	365.7	253.28	2.61	3.77	0.265	0	365.7	133.54	72.41	411.85	33.2	0.248614647	12.25	71.39442449	9.473799166
Speaker24.txt	10	0.364773597	0.343695333	0.942215488	3.64551169	0.007407343	2.133245816	914	141	365.38	248.61	2.5	3.68	0.272	0	365.38	132.49	73.81	396.13	30.86	0.232923239	20.25	70.85552473	9.527129609
Speaker25.txt	1	0.233206847	0.178991713	0.767523403	2.192614674	0.011453244	0.473534673	1233	94	380.1	322.61	3.24	3.82	0.262	0	380.1	200.45	87.39	525.09	73.97	0.369019706	20.25	70.58291444	7.415831302
Speaker25.txt	2	0.269899219	0.199182111	0.737986986	1.832462606	0.013183964	0.789141414	1242	37	380.1	362.13	3.27	3.43	0.292	0	380.1	177.73	87.27	513.38	72.85	0.409891408	12.25	70.77837052	6.982737528
Speaker25.txt	3	0.23325132	0.173123029	0.742216716	1.634205255	0.017790779	0.946969697	1247	138	380.1	289.76	3.28	4.3	0.232	0	380.1	210.9	88.59	525.68	56.95	0.270033191	6.25	70.11056338	8.592956731
Speaker25.txt	4	0.233263542	0.182945542	0.784286907	2.667060254	0.01113243	1.10479798	1248	147	380.1	285.97	3.28	4.36	0.229	0	380.1	213.72	98.02	507.8	57.27	0.267967434	2.25	70.52200903	9.027873834
Speaker25.txt	5	0.232306437	0.180900105	0.778713268	1.981819704	0.015718442	1.420454545	1260	155	380.1	283.11	3.31	4.45	0.225	0	380.1	218.75	100.16	524.02	59.53	0.272137143	0.25	71.12027511	9.257855428
Speaker25.txt	6	0.235596317	0.193997214	0.823430589	2.421912624	0.013046271	1.262626263	1201	141	380.1	281.59	3.16	4.27	0.234	0	380.1	220.88	97.8	522.84	59.52	0.269467584	0.25	70.73890837	9.433958813
Speaker25.txt	7	0.197357247	0.171726755	0.870131485	2.111798885	0.00783457	1.420454545	1150	176	380.1	263.12	3.03	4.37	0.229	0	380.1	217.27	92.99	524.4	60.85	0.280066277	2.25	69.99973182	9.27660103
Speaker25.txt	8	0.202429411	0.189373611	0.935504428	2.306074333	0.010602623	1.10479798	1193	164	380.1	276.05	3.14	4.32	0.231	0	380.1	216.27	100.38	510.09	56.61	0.261756138	6.25	70.87878036	9.428691735
Speaker25.txt	9	0.210403779	0.187724452	0.892210457	2.06006257	0.009587584	0.946969697	1128	185	380.1	254.36	2.97	4.43	0.225	0	380.1	218.32	100.36	516.66	60.44	0.276841334	12.25	70.95677639	9.449704014
Speaker25.txt	10	0.185986749	0.15837885	0.851559861	1.91997025	0.013949241	1.42060402	1188	170	380.56	269.91	3.12	4.4	0.227	0	380.558367	210.72	100.34	503.7	52.02	0.246867882	20.25	68.8552379	8.71136176
Speaker26.txt	1	0.256222242	0.303148509	1.183146734	5.581355557	0.007011209	1.561570494	1047	30	269.2	247.98	3.89	4.22	0.237	0	269.2	129.99	67.54	399.99	36.88	0.283714132	20.25	75.98158289	8.48462588
Speaker26.txt	2	0.249387352	0.238317408	0.955611445	2.626867513	0.006383609	1.784386617	1028	42	269.2	243.39	3.82	4.22	0.237	0	269.2	134.37	71.24	403.52	45.75	0.340477785	12.25	75.83346036	9.00702821
Speaker26.txt	3	0.222909636	0.223737317	1.003713078	2.014716489	0.005041052	1.56133829	1051	43	269.2	238.48	3.9	4.41	0.227	0	269.2	133.81	72.79	420.5	44.27	0.330842239	6.25	75.56411365	9.206046109
Speaker26.txt	4	0.211785939	0.200095101	0.944798803	1.78193173	0.00451987	1.338289963	1046	45	269.2	240.38	3.89	4.35	0.23	0	269.2	136.17	66.52	417.64	48.86	0.358816186	2.25	75.23096884	9.012354373
Speaker26.txt	5	0.220819262	0.214394659	0.970905604	2.222717132	0.008859935	1.115241636	1042	46	269.2	241.02	3.87	4.32	0.231	0	269.2	133.3	69.93	418.71	43.68	0.32768192	0.25	75.25214902	9.069761599
Speaker26.txt	6	0.250318673	0.260349658	1.040072859	2.282831625	0.005639872	2.007434944	998	58	269.2	232.32	3.71	4.3	0.233	0	269.2	131.34	66.94	403.24	41.59	0.316659053	0.25	75.23514976	9.594317489
Speaker26.txt	7	0.224233794	0.232489611	1.036817898	2.159232448	0.004408929	1.784386617	963	42	269.2	231.65	3.58	4.16	0.241	0	269.2	131.49	70.52	413.42	39.67	0.301695946	2.25	75.07303806	9.756265773
Speaker26.txt	8	0.254299062	0.232141926	0.912869769	2.131772243	0.012287764	1.784386617	979	52	269.2	230.93	3.64	4.24	0.236	0	269.2	136.58	69.86	409.73	45.71	0.334675648	6.25	75.25907679	9.819780885
Speaker26.txt	9	0.272057848	0.250535576	0.920890822	2.570002354	0.003152081	1.56133829	1003	49	269.2	232.54	3.73	4.31	0.232	0	269.2	135.28	71.21	418.94	45.44	0.33589592	12.25	75.05225791	9.712192806
Speaker26.txt	10	0.252690224	0.232139322	0.91867156	2.016638101	0.010247666	1.338488995	1023	50	268.81	233.06	3.81	4.39	0.228	0	268.806667	132.82	69.95	429.95	41.14	0.309742509	20.25	74.5370283	9.676548431
Speaker27.txt	1	0.255549442	0.180000101	0.704365073	1.824836457	0.02585228	0.879120879	622	97	274.2	195.54	2.27	3.18	0.314	0	274.2	151.08	69.38	419.41	37.08	0.245432883	20.25	60.4641136	7.410139785
Speaker27.txt	2	0.255716585	0.186038399	0.727517925	1.813907294	0.020317609	1.538236156	678	95	274.2	198.6	2.47	3.41	0.293	0	274.2	151.05	84.24	413.68	40.37	0.267262496	12.25	60.42584254	7.654102784
Speaker27.txt	3	0.298141483	0.307214903	1.030433268	6.072071497	0.017834134	2.417228245	775	102	274.2	199.82	2.83	3.88	0.258	0	274.2	151.42	74.98	400.01	38.94	0.2571655	6.25	61.02540779	7.877961951
Speaker27.txt	4	0.284288701	0.231094337	0.812886114	2.340750855	0.021518997	1.538236156	740	94	274.2	193.85	2.7	3.82	0.262	0	274.2	152.14	68.5	421.5	35.64	0.23425792	2.25	61.19442852	8.027304413
Speaker27.txt	5	0.275452638	0.286647053	1.040640073	4.510941961	0.024394434	2.417228245	723	98	274.2	189.52	2.64	3.81	0.262	0	274.2	149.9	69.45	415.25	39.97	0.26664443	0.25	60.94076616	8.092204982
Speaker27.txt	6	0.322681634	0.309880255	0.960328145	4.192475455	0.016540159	2.197480223	584	112	274.2	170.15	2.13	3.43	0.291	0	274.2	154.66	75.03	411.43	40.94	0.264709686	0.25	60.1845195	7.886656828
Speaker27.txt	7	0.363911245	0.385285169	1.058733891	5.163111498	0.015025517	0.878992089	680	115	274.2	175.88	2.48	3.87	0.259	0	274.2	147.12	84.7	397.82	34.08	0.231647635	2.25	61.20632942	8.289608911
Speaker27.txt	8	0.231306279	0.255930797	1.106458496	5.618205859	0.019851932	1.9777322	688	112	274.2	180.71	2.51	3.81	0.263	0	274.2	143.67	75.36	412.58	32.98	0.229553839	6.25	59.34957901	7.564620677
Speaker27.txt	9	0.274349192	0.218130054	0.795081815	2.054892131	0.022985059	1.318488134	669	117	274.2	176.39	2.44	3.79	0.264	0	274.2	143.87	75.09	412.87	35.44	0.246333496	12.25	59.54980136	7.489626199
Speaker27.txt	10	0.246115542	0.186423943	0.757465138	1.983143525	0.024808144	0.21978022	670	118	274.6	171.92	2.44	3.9	0.257	0	274.6	142.5	76.21	398.5	32.25	0.226315789	20.25	59.18138239	7.360345424
Speaker28.txt	1	0.07838919	0.077218436	0.985064852	1.059025482	0.000321627	0.910968055	1218	75	330.4	288.83	3.69	4.22	0.237	0	330.4	155.47	64.74	428.72	61.3	0.394288287	20.25	72.48004272	8.789054078
Speaker28.txt	2	0.096154759	0.080266306	0.834761659	1.121946326	0.005477052	0.182171484	1176	75	330.4	278.93	3.56	4.22	0.237	0	330.4	151.45	67.69	417.18	53.36	0.352327501	12.25	72.91450274	9.421799717
Speaker28.txt	3	0.100407662	0.086127801	0.857781163	1.039696464	0.00604154	0.91085742	1168	87	330.4	276	3.54	4.23	0.236	0	330.4	152.3	71.34	428.2	54.27	0.356336179	6.25	73.04289286	9.545840272
Speaker28.txt	4	0.08260939	0.071536475	0.865960569	0.99034211	0.00561681	0.182171484	1153	87	330.4	272.85	3.49	4.23	0.237	0	330.4	154.23	60.15	432.05	60.64	0.393179018	2.25	72.87394731	9.659138141
Speaker28.txt	5	0.081327853	0.074412374	0.914967888	0.884126676	0.005205634	0.182171484	1137	91	330.4	265.3	3.44	4.29	0.233	0	330.4	149.47	70.44	422.39	56.87	0.380477688	0.25	72.57770842	9.985555023
Speaker28.txt	6	0.090872586	0.093923367	1.033572073	1.933363719	0.004653231	0.182171484	1156	91	330.4	270.19	3.5	4.28	0.234	0	330.4	150.11	66.65	431.15	53.31	0.355139564	0.25	72.95168613	10.09121563
Speaker28.txt	7	0.090333717	0.085607216	0.947677335	1.359800567	0.004752012	0.182171484	1156	92	330.4	273.2	3.5	4.23	0.236	0	330.4	150.52	70.95	419.6	55.06	0.365798565	2.25	72.60310169	9.954826959
Speaker28.txt	8	0.102150528	0.097874579	0.958140712	1.35843642	0.001846153	0.182171484	1021	109	330.4	244.72	3.09	4.17	0.24	0	330.4	157.22	70	423.72	55.29	0.351672815	6.25	72.36823053	10.58873571
Speaker28.txt	9	0.088789477	0.083319358	0.93839227	1.160631289	0.005450805	0.728685936	1168	92	330.4	267.82	3.54	4.36	0.229	0	330.4	152.85	68.12	420.15	47.18	0.308668629	12.25	72.93072146	10.1372932
Speaker28.txt	10	0.078764658	0.101885239	1.293540033	4.96489639	0.003354599	0.546580833	1171	82	330.69	271.78	3.54	4.31	0.232	0	330.685	154.26	67.58	419.42	52.62	0.341112408	20.25	72.87702968	9.835421651
Speaker29.txt	1	0.323956261	0.276304403	0.852906506	3.384388804	0.016085689	0.731528895	1253	22	328.7	319.66	3.81	3.92	0.255	0	328.7	188.77	75.63	386.47	40.83	0.216294962	20.25	64.59323003	6.622969631
Speaker29.txt	2	0.3251422	0.293821448	0.903670603	2.464187318	0.00985854	1.097159576	1281	28	328.7	314.52	3.9	4.07	0.246	0	328.7	198.29	78.68	391.16	41.39	0.208734682	12.25	64.90599991	6.743286799
Speaker29.txt	3	0.300425971	0.331369279	1.10299811	3.0953285	0.00960468	1.462879434	1259	43	328.7	309.69	3.83	4.07	0.246	0	328.7	194.59	71.21	396.69	39.1	0.2009353	6.25	64.60986265	6.962348225
Speaker29.txt	4	0.27879828	0.309822482	1.111278312	3.126912101	0.008088674	0.914299646	1261	31	328.7	314.73	3.84	4.01	0.25	0	328.7	196.18	67.15	387.63	42.57	0.216994597	2.25	64.97094503	6.904458204
Speaker29.txt	5	0.311210344	0.310186549	0.99671028	3.544183764	0.00869904	1.645739364	1249	44	328.7	304.36	3.8	4.1	0.244	0	328.7	191.67	70.76	396.14	42.65	0.222517869	0.25	64.37657799	7.063967042
Speaker29.txt	6	0.314989622	0.341109199	1.082922023	3.161874996	0.007020703	0.182859929	1240	45	328.7	305.63	3.77	4.06	0.246	0	328.7	194.2	77.65	385.86	44.25	0.227857878	0.25	64.56105486	7.207328159
Speaker29.txt	7	0.338841677	0.316859356	0.935125097	3.556589272	0.008887789	0.731439717	1185	51	328.7	299.5	3.61	3.96	0.253	0	328.7	181.36	75.99	388.35	39.55	0.218074548	2.25	63.61336088	7.021625987
Speaker29.txt	8	0.373391679	0.339851824	0.910175142	3.804176014	0.013143144	1.645739364	1223	43	328.7	304.97	3.72	4.01	0.249	0	328.7	184.78	67.32	382.79	41.3	0.223509038	6.25	63.57266617	6.875898781
Speaker29.txt	9	0.354140572	0.336723806	0.950819627	3.587622967	0.01362336	1.462879434	1199	46	328.7	306.27	3.65	3.91	0.255	0	328.7	190.11	78.11	387.48	42.08	0.221345537	12.25	64.23546489	7.158915536
Speaker29.txt	10	0.38240718	0.338558554	0.885335245	2.972094192	0.007542673	1.828822238	1198	39	328.5	308.01	3.65	3.89	0.257	0	328.505	175.08	66.48	388.16	39.9	0.227895819	20.25	63.4240066	6.86173447
Speaker30.txt	1	0.220053736	0.196425574	0.892625491	3.118868322	0.006021091	1.544202805	1039	0	312.1	312.1	3.33	3.33	0.3	0	312.1	139.45	67	398.89	46.49	0.33338114	20.25	73.72532184	5.410665139
Speaker30.txt	2	0.205229205	0.168700095	0.82200823	2.405420423	0.013391641	1.930005147	1019	0	312.1	312.1	3.26	3.26	0.306	0	312.1	137.4	67.9	422.98	53.25	0.387554585	12.25	72.77786181	5.207660058
Speaker30.txt	3	0.206637441	0.174194004	0.842993422	2.773754933	0.013825431	1.158003088	883	0	312.1	312.1	2.83	2.83	0.353	0	312.1	133.29	70.51	403.56	51.61	0.38720084	6.25	72.16221724	4.911605107
Speaker30.txt	4	0.248489703	0.232593947	0.936030522	3.165711246	0.018096045	1.544004117	921	0	312.1	312.1	2.95	2.95	0.339	0	312.1	133.54	67.26	407.8	47.73	0.357420997	2.25	72.43493286	5.004747624
Speaker30.txt	5	0.260996712	0.22104435	0.846923886	3.185755275	0.018515665	1.158003088	935	0	312.1	312.1	3	3	0.334	0	312.1	127.02	67.53	422.39	45.56	0.358683672	0.25	72.09763485	5.102460838
Speaker30.txt	6	0.232386519	0.238561906	1.026573774	3.196622849	0.011724416	1.544004117	949	0	312.1	312.1	3.04	3.04	0.329	0	312.1	133.74	69.05	399.73	47.49	0.355091969	0.25	72.24490915	5.112869668
Speaker30.txt	7	0.205509681	0.176810687	0.860352106	2.973593037	0.012995186	1.544004117	876	0	312.1	312.1	2.81	2.81	0.356	0	312.1	133.69	72.51	415.17	47.83	0.357767971	2.25	71.92255473	4.975709428
Speaker30.txt	8	0.197321136	0.182347081	0.924113271	2.761199518	0.013767025	1.930005147	835	0	312.1	312.1	2.68	2.68	0.374	0	312.1	134.72	74.62	399.51	56.11	0.416493468	6.25	71.157919	4.635360785
Speaker30.txt	9	0.21194139	0.197690385	0.932759689	2.995289465	0.017355393	1.351003603	892	0	312.1	312.1	2.86	2.86	0.35	0	312.1	134.43	67.87	425.03	51.59	0.383768504	12.25	71.00925672	4.649558451
Speaker30.txt	10	0.199795013	0.19752908	0.98865871	3.541789715	0.01139105	1.158152104	875	0	312.3	312.3	2.8	2.8	0.357	0	312.3	130.31	70.23	417.09	46.5	0.356841378	20.25	71.09205898	4.851376383
